0.0000056400 679
0.0000501100 1
0.0000075600 12
0.0000044200 97
0.0000412600 2
0.0000159300 2
0.0000157300 5
0.0000088100 17
0.0000351500 1
0.0000241600 2
0.0000262900 1
0.0000851800 1
0.0000030900 212
0.0000223500 1
0.0000552000 2
0.0000376200 3
0.0000438800 2
0.0000027100 205
0.0000178500 3
0.0000252300 1
0.0000126000 10
0.0000042000 483
0.0000094200 9
0.0000103200 12
0.0000090800 4
0.0000203100 2
0.0002582500 1
0.0000529800 1
0.0000280200 2
0.0002908900 1
0.0000715200 1
0.0000288700 6
0.0000366700 1
0.0000556100 2
0.0000153200 4
0.0000271300 2
0.0009253200 1
0.0000337500 1
0.0000928300 1
0.0000361100 1
0.0000686700 1
0.0000347700 1
0.0000585200 1
0.0000085000 16
0.0000439100 1
0.0000575200 1
0.0000179100 1
0.0000892900 1
0.0000163900 10
0.0000304100 1
0.0000083900 12
0.0000346800 1
0.0000169000 1
0.0000245700 2
0.0003387500 1
0.0000042200 869
0.0000173600 1
0.0000597900 2
0.0000181100 3
0.0000148300 4
0.0000270700 1
0.0000067200 14
0.0000168900 4
0.0000125200 17
0.0000642100 1
0.0000343500 1
0.0001831200 1
0.0000320200 1
0.0000320900 1
0.0000237700 3
0.0000319900 2
0.0000042900 579
0.0000096000 24
0.0000302100 1
0.0000042500 199
0.0001043500 1
0.0000626400 1
0.0000069800 16
0.0000871100 1
0.0000203300 6
0.0000150300 6
0.0000121700 4
0.0000503900 1
0.0000896400 1
0.0003540400 1
0.0000119400 10
0.0000098300 3
0.0000878400 1
0.0004590500 1
0.0000096900 14
0.0000850400 1
0.0000157800 7
0.0000900300 4
0.0000217600 3
0.0000054800 47
0.0000287700 1
0.0000574200 1
0.0000193400 1
0.0000461700 1
0.0000118900 7
0.0000583100 2
0.0001077700 1
0.0000364900 1
0.0000122000 4
0.0000031600 397
0.0000255000 1
0.0000435800 1
0.0000301800 1
0.0000236700 4
0.0000075700 26
0.0000114000 9
0.0000075300 12
0.0012753400 1
0.0000110900 5
0.0000074100 34
0.0000142200 1
0.0000433400 1
0.0001250100 1
0.0000345400 1
0.0000757300 2
0.0000090000 27
0.0000201800 2
0.0000683600 2
0.0000178200 1
0.0001084200 2
0.0000411800 1
0.0000073900 53
0.0000483100 1
0.0000097100 29
0.0000728900 1
0.0000047700 36
0.0000392700 1
0.0000055900 42
0.0000041700 347
0.0000368100 1
0.0000186700 2
0.0000392600 1
0.0000047400 44
0.0000601100 1
0.0000232200 1
0.0000224300 8
0.0000341100 1
0.0000257000 1
0.0000015000 2129
0.0000024000 302
0.0000113200 15
0.0000416800 2
0.0000327200 1
0.0000142900 4
0.0000672100 1
0.0000158600 6
0.0000325200 1
0.0000248500 5
0.0000091200 18
0.0000345100 1
0.0000084600 6
0.0000055500 35
0.0000069400 25
0.0000606100 1
0.0000321500 1
0.0000238200 1
0.0000369800 2
0.0000264100 1
0.0000213500 2
0.0000211700 2
0.0001430500 1
0.0000076200 13
0.0000300700 1
0.0001121000 1
0.0000036300 108
0.0000054300 28
0.0000124600 1
0.0000032500 194
0.0001264600 1
0.0000105400 8
0.0000341500 3
0.0000091300 14
0.0000250700 1
0.0004946000 2
0.0000685200 1
0.0000489000 1
0.0000181200 2
0.0000066900 10
0.0000144300 5
0.0000309400 1
0.0000664500 1
0.0000739000 2
0.0000427800 1
0.0000077300 17
0.0000457400 1
0.0000298000 1
0.0000022800 347
0.0000078400 19
0.0000153400 9
0.0000088300 9
0.0000062100 25
0.0001229900 1
0.0000127900 7
0.0000226600 20
0.0000157700 1
0.0000047200 52
0.0000337400 1
0.0000099500 14
0.0000034100 127
0.0000598700 1
0.0000782200 1
0.0000117300 11
0.0000301900 8
0.0000089100 32
0.0000322300 1
0.0000119000 3
0.0000367400 1
0.0000033000 236
0.0000090600 8
0.0000319300 1
0.0000275000 1
0.0000317100 1
0.0000893300 2
0.0001939300 1
0.0000196400 2
0.0000511500 2
0.0000092200 12
0.0000245100 2
0.0000141800 1
0.0000116400 7
0.0000052400 40
0.0000156800 4
0.0000255400 1
0.0000126200 5
0.0000528400 1
0.0000851200 1
0.0001313400 1
0.0000100900 16
0.0000272200 2
0.0000029000 164
0.0000338100 17
0.0000077900 24
0.0000067600 14
0.0000060800 42
0.0000106300 7
0.0000200800 2
0.0000975100 1
0.0000044400 151
0.0000183800 2
0.0000025600 613
0.0000188400 1
0.0000111100 4
0.0000388200 3
0.0000263600 1
0.0004985500 4
0.0000169100 1
0.0000026600 224
0.0000126900 3
0.0000347500 1
0.0000034300 135
0.0000140900 3
0.0000391500 1
0.0000137000 1
0.0000038000 117
0.0000122600 9
0.0000230800 1
0.0000348600 2
0.0000014700 2136
0.0000106600 4
0.0000160500 2
0.0000188500 1
0.0000392800 1
0.0000385200 1
0.0000132900 7
0.0000076600 14
0.0000106100 10
0.0000717100 1
0.0000158500 3
0.0000627700 2
0.0000111300 6
0.0000293200 1
0.0000301300 2
0.0000089700 27
0.0021665300 1
0.0000042100 809
0.0000174800 1
0.0000202200 2
0.0000032100 307
0.0000344500 1
0.0000344600 1
0.0000166300 2
0.0000100400 8
0.0000063500 41
0.0000350200 1
0.0001029700 1
0.0000030400 178
0.0000079500 54
0.0000107000 9
0.0001692700 1
0.0000439300 1
0.0000158300 5
0.0000809500 1
0.0000085800 9
0.0001348900 1
0.0000166500 8
0.0000143900 1
0.0000031700 1500
0.0000628200 1
0.0000069100 20
0.0000124800 1
0.0000457200 1
0.0000342500 1
0.0000175100 1
0.0000902600 2
0.0000081000 19
0.0000108200 13
0.0000520100 1
0.0000567100 1
0.0000109000 2
0.0000336300 1
0.0000259200 3
0.0000190600 2
0.0000041100 493
0.0000207700 1
0.0000214200 1
0.0000072900 16
0.0000650100 1
0.0000351700 3
0.0000184300 3
0.0000067100 15
0.0000272600 3
0.0000055000 44
0.0000238700 1
0.0000150700 2
0.0000183400 3
0.0000404900 2
0.0000345500 1
0.0000805500 1
0.0000059500 27
0.0000121200 4
0.0000229000 2
0.0004986500 2
0.0000738900 4
0.0000290100 1
0.0000084500 18
0.0000199200 2
0.0000059800 25
0.0000092700 37
0.0000782100 1
0.0000437600 4
0.0000362800 1
0.0000256400 1
0.0000315600 1
0.0000108000 4
0.0000149500 5
0.0000628000 2
0.0000329600 1
0.0000138000 3
0.0000038200 91
0.0000367700 1
0.0000138900 2
0.0000030200 272
0.0000265300 1
0.0000585700 1
0.0000310300 1
0.0000125800 3
0.0000315800 1
0.0000510000 1
0.0000221600 2
0.0000207900 1
0.0000236000 2
0.0003428100 1
0.0000848300 1
0.0000127400 3
0.0000422500 1
0.0000674700 1
0.0000335800 1
0.0000562500 2
0.0000105900 5
0.0000885400 1
0.0000136600 6
0.0000137700 5
0.0000141400 8
0.0000187600 2
0.0000703400 1
0.0000209500 2
0.0000037200 129
0.0000454600 1
0.0000025900 193
0.0000013100 6267
0.0000694300 1
0.0000015500 1466
0.0000013600 5260
0.0000466200 1
0.0000357900 1
0.0000038300 138
0.0000118500 14
0.0000609100 1
0.0000244300 1
0.0002807000 1
0.0000321200 1
0.0000127300 2
0.0000148200 1
0.0000430600 1
0.0001010000 1
0.0000121900 10
0.0000091400 9
0.0000095300 7
0.0001120200 1
0.0000199500 2
0.0000537600 1
0.0000443100 1
0.0000216900 2
0.0000020600 512
0.0000208600 1
0.0000173300 2
0.0000141700 1
0.0000054100 35
0.0000063600 21
0.0000155200 3
0.0000176600 3
0.0000082300 8
0.0000383000 6
0.0000107600 8
0.0001101700 1
0.0000117800 4
0.0000025000 266
0.0000122400 10
0.0001065700 1
0.0000214100 1
0.0001300300 1
0.0000733800 1
0.0000195500 1
0.0000511800 2
0.0000115900 14
0.0000453000 1
0.0000522100 1
0.0000720900 1
0.0000588100 1
0.0000132400 1
0.0000089900 22
0.0000068600 20
0.0000179600 1
0.0000524200 2
0.0000095600 7
0.0000191300 2
0.0000655700 1
0.0000126800 3
0.0000046200 64
0.0000438900 2
0.0000050700 60
0.0000251100 3
0.0000196100 1
0.0000032300 201
0.0000093900 7
0.0001207200 1
0.0000055800 41
0.0000162400 7
0.0000465300 1
0.0000509800 1
0.0000312100 1
0.0000021200 541
0.0000627400 2
0.0000039500 102
0.0000236100 1
0.0000598600 1
0.0000516100 2
0.0000767600 1
0.0000508900 1
0.0000685900 1
0.0000176800 4
0.0001835900 1
0.0000047600 66
0.0000144700 2
0.0000430900 1
0.0000106500 6
0.0000095500 8
0.0000083500 27
0.0000365300 1
0.0000678700 1
0.0000461300 1
0.0000151400 2
0.0002365000 1
0.0000531200 1
0.0000126100 1
0.0000094100 14
0.0000349900 1
0.0000318300 1
0.0000739100 2
0.0000282600 1
0.0000141200 6
0.0001162600 1
0.0000177500 2
0.0000027500 191
0.0000012400 37181
0.0000256900 2
0.0000013800 3490
0.0000165500 11
0.0000211300 1
0.0001626400 1
0.0000026300 206
0.0000041300 115
0.0000678200 1
0.0000026200 217
0.0000201300 1
0.0000264900 1
0.0000035000 122
0.0000015700 1454
0.0000088800 18
0.0000318200 1
0.0000036100 124
0.0000145100 4
0.0000034000 113
0.0000239200 1
0.0000099300 9
0.0000089300 11
0.0000061600 32
0.0000153600 2
0.0001172400 1
0.0000744400 1
0.0000198000 2
0.0000575000 1
0.0000243400 13
0.0000617700 1
0.0000260900 1
0.0000051800 31
0.0000149400 2
0.0000115000 10
0.0000175800 5
0.0000297600 1
0.0000365900 1
0.0000149100 2
0.0000307900 1
0.0000037900 145
0.0000096700 22
0.0004186700 1
0.0004590400 2
0.0000237000 1
0.0000063300 16
0.0000771000 1
0.0000107100 3
0.0000175300 4
0.0000195300 2
0.0000690300 2
0.0000293500 1
0.0000102200 10
0.0000456900 30
0.0000193600 6
0.0000211000 26
0.0000329900 1
0.0000753200 1
0.0000125600 11
0.0000030800 139
0.0000078600 9
0.0000121400 6
0.0000035600 92
0.0000244800 1
0.0000504100 1
0.0000422100 1
0.0000395900 1
0.0000202800 6
0.0000914600 1
0.0000071500 14
0.0000091800 17
0.0000034800 192
0.0000152200 10
0.0000202000 1
0.0000078500 12
0.0000171100 1
0.0000140300 6
0.0000145300 4
0.0000500100 1
0.0000027400 145
0.0000128800 23
0.0000370700 1
0.0000596400 1
0.0000126600 3
0.0002393500 1
0.0000166100 4
0.0000027300 277
0.0000071000 53
0.0000088400 4
0.0001449100 2
0.0000468400 1
0.0000264600 1
0.0000267500 4
0.0000166000 2
0.0000283800 1
0.0000219500 2
0.0000046100 57
0.0000495200 1
0.0000407800 1
0.0000061800 41
0.0000153500 6
0.0000076800 12
0.0000198300 1
0.0000668000 1
0.0000316300 1
0.0000053100 479
0.0002301800 1
0.0000187900 1
0.0000022300 295
0.0003397600 1
0.0000280700 1
0.0000894300 1
0.0000408600 1
0.0000286700 1
0.0000108100 5
0.0001297600 1
0.0000276300 1
0.0000019600 341
0.0001306500 1
0.0000267000 1
0.0000398900 1
0.0000081800 20
0.0000347400 3
0.0000383900 1
0.0000223300 1
0.0000066300 28
0.0000107300 6
0.0001175100 1
0.0000395800 1
0.0000087800 23
0.0000143600 4
0.0000115700 2
0.0000147800 5
0.0000023300 277
0.0000284800 1
0.0001532100 1
0.0000228200 1
0.0000755900 1
0.0000021300 860
0.0000366500 1
0.0000203500 1
0.0000775500 2
0.0000096200 13
0.0000044600 100
0.0000170500 3
0.0000252700 4
0.0000222300 2
0.0004231600 1
0.0000175200 5
0.0000538000 1
0.0000547900 1
0.0001526700 4
0.0000434000 1
0.0000997300 1
0.0000284900 1
0.0000258000 3
0.0000081600 16
0.0000017900 749
0.0000286100 2
0.0000661500 1
0.0006190800 2
0.0000314700 1
0.0000138300 4
0.0001282700 1
0.0000094000 6
0.0000110000 8
0.0000167200 5
0.0000873000 1
0.0000109600 10
0.0000148900 4
0.0000116600 6
0.0000449200 2
0.0000339700 1
0.0000032400 264
0.0000107400 7
0.0000206300 1
0.0000050500 79
0.0000995800 1
0.0000109800 11
0.0000654500 1
0.0000057600 49
0.0000032700 240
0.0000565200 1
0.0000706500 1
0.0000203200 2
0.0000087900 21
0.0000295000 3
0.0000376100 1
0.0000180600 1
0.0000056100 36
0.0000323800 1
0.0001052900 1
0.0000337300 4
0.0000425200 1
0.0000015800 1848
0.0000166400 13
0.0001118300 1
0.0000317600 2
0.0001284700 1
0.0000276200 2
0.0000144400 5
0.0000089200 7
0.0000160300 1
0.0000136800 2
0.0000159700 1
0.0000201600 3
0.0000366600 1
0.0000181000 4
0.0000165600 9
0.0000160600 2
0.0000311700 1
0.0000118200 11
0.0000479500 1
0.0000286600 2
0.0000026900 212
0.0000175700 3
0.0000224800 1
0.0001091100 1
0.0000016500 1000
0.0000117500 7
0.0000121500 4
0.0000083600 19
0.0000396100 1
0.0007915400 1
0.0000234200 2
0.0000062000 16
0.0006416800 1
0.0000074200 34
0.0000268800 1
0.0000384400 2
0.0000125400 7
0.0000080000 23
0.0000070500 21
0.0000220400 5
0.0001449000 2
0.0000078000 21
0.0000923600 1
0.0000018300 999
0.0001089700 1
0.0001161800 1
0.0000335300 1
0.0000020300 397
0.0002531700 1
0.0000127200 3
0.0000261500 2
0.0000077400 24
0.0000298200 1
0.0000422900 1
0.0000064200 42
0.0000045700 77
0.0000051900 46
0.0000443800 1
0.0000172900 3
0.0000021900 330
0.0000116200 16
0.0000024200 206
0.0000731100 1
0.0000408300 1
0.0000048500 36
0.0000057200 40
0.0000338900 1
0.0000091000 28
0.0000144500 2
0.0000320300 1
0.0000251500 2
0.0000502700 1
0.0000046400 33
0.0000436700 1
0.0000067500 31
0.0002781800 1
0.0000146500 2
0.0000073500 24
0.0000086500 15
0.0000332200 1
0.0000163200 4
0.0000185400 2
0.0032971800 1
0.0000349000 2
0.0000155800 2
0.0000539100 2
0.0000484800 1
0.0000224900 3
0.0000178000 2
0.0000120300 12
0.0000893200 2
0.0000102300 10
0.0000238800 1
0.0000178800 2
0.0000666800 1
0.0000229800 2
0.0000145000 5
0.0000766400 1
0.0002354900 1
0.0000451600 1
0.0000066600 17
0.0000967000 1
0.0000017700 1521
0.0001283300 2
0.0000113100 2
0.0000214700 1
0.0000271600 2
0.0000100100 51
0.0000703200 1
0.0000072400 33
0.0000020800 432
0.0000122200 15
0.0000169800 1
0.0000012600 9637
0.0000319100 2
0.0000397800 1
0.0000147600 4
0.0000777900 1
0.0001005000 1
0.0000066000 28
0.0000436500 1
0.0000248400 1
0.0000151000 3
0.0000140100 5
0.0000174200 4
0.0000345700 1
0.0000318000 4
0.0000033800 592
0.0000718700 1
0.0000350600 1
0.0000447900 2
0.0000304400 1
0.0000913000 1
0.0000889400 1
0.0000191800 3
0.0000841600 4
0.0000068900 11
0.0000879200 1
0.0000347100 2
0.0007970400 1
0.0000144100 5
0.0000127700 15
0.0000052200 50
0.0010699400 1
0.0000087600 35
0.0000385900 2
0.0000324900 1
0.0000468800 1
0.0000094900 14
0.0000371700 1
0.0000098000 8
0.0000129700 3
0.0000104800 11
0.0000644500 1
0.0002935900 2
0.0000072500 21
0.0000387700 1
0.0000167700 3
0.0000782400 1
0.0000610800 1
0.0000264300 2
0.0000046000 84
0.0000064700 18
0.0000289100 1
0.0000600900 1
0.0000878100 1
0.0000134000 7
0.0000190400 3
0.0000569300 1
0.0000897900 1
0.0000329200 1
0.0000113400 2
0.0000631200 1
0.0000054700 32
0.0000120600 13
0.0000343200 1
0.0000157100 3
0.0000577100 2
0.0001995800 1
0.0000069600 24
0.0000277700 1
0.0000762300 1
0.0000161000 4
0.0000208900 1
0.0000229200 1
0.0001138700 1
0.0000211200 2
0.0000088200 20
0.0000314400 2
0.0000017800 690
0.0000767200 2
0.0000479900 1
0.0000244700 3
0.0000152000 4
0.0000056700 80
0.0000198100 4
0.0000135400 2
0.0000184500 2
0.0000132700 4
0.0000548900 3
0.0000028400 183
0.0000488000 1
0.0000074600 30
0.0000139900 5
0.0000352600 1
0.0000236200 1
0.0000757400 1
0.0000141000 1
0.0000111800 2
0.0000301200 3
0.0000071700 14
0.0000218900 1
0.0000089000 14
0.0000168200 1
0.0000407300 2
0.0000144900 2
0.0000065100 22
0.0000014200 2505
0.0000082200 8
0.0000114300 14
0.0000065900 32
0.0003171700 2
0.0001048000 1
0.0000608100 1
0.0000035400 149
0.0000505400 1
0.0000368600 3
0.0000096600 10
0.0000187800 2
0.0000166200 7
0.0000424300 2
0.0000044500 71
0.0000164800 4
0.0004804300 1
0.0000049500 100
0.0000034400 139
0.0000075100 20
0.0000427600 1
0.0000039200 101
0.0000394700 1
0.0000017500 745
0.0000263900 1
0.0000283600 1
0.0000290000 1
0.0000836400 1
0.0000154900 3
0.0000099100 25
0.0000220200 3
0.0000891100 1
0.0000768700 1
0.0000079900 13
0.0000286500 1
0.0002102300 1
0.0000151500 4
0.0001361700 1
0.0000064800 34
0.0000112600 4
0.0001053600 1
0.0000113800 7
0.0000165800 2
0.0000071400 13
0.0000191700 1
0.0000770100 1
0.0027621000 1
0.0000805200 1
0.0000721600 1
0.0000238100 3
0.0000182400 1
0.0000234900 1
0.0001528400 1
0.0000134900 4
0.0000051300 33
0.0000311300 1
0.0009045100 1
0.0000052100 36
0.0000775000 1
0.0000057100 31
0.0000184100 4
0.0000231900 7
0.0000108800 4
0.0000320600 1
0.0000482600 2
0.0000016200 4850
0.0000173500 1
0.0000161100 2
0.0000937600 1
0.0000035100 225
0.0000062400 34
0.0000482400 1
0.0000105100 11
0.0000790500 1
0.0000256500 1
0.0000937400 1
0.0000245800 1
0.0000023400 348
0.0000151300 4
0.0000150600 6
0.0000054000 45
0.0000188300 2
0.0000476800 1
0.0000409700 1
0.0000808900 8
0.0000174300 6
0.0001075800 1
0.0002268600 1
0.0000081500 31
0.0000540000 1
0.0000037000 78
0.0000152300 3
0.0000229900 1
0.0000111600 8
0.0018465000 1
0.0000092300 21
0.0000679200 1
0.0000057300 36
0.0000087100 50
0.0000066500 18
0.0000208000 5
0.0000434300 1
0.0000135100 3
0.0000144000 4
0.0000152100 4
0.0000143000 3
0.0000169300 3
0.0000058500 62
0.0000387600 1
0.0000047100 57
0.0000148400 4
0.0000331000 1
0.0000573300 2
0.0000499500 2
0.0000170900 3
0.0000508700 1
0.0000366000 1
0.0000151100 2
0.0000330800 1
0.0000153300 2
0.0000398600 2
0.0000883300 1
0.0000209300 1
0.0000460500 1
0.0000746700 1
0.0000276000 6
0.0000018000 583
0.0000392500 1
0.0000115500 10
0.0000242900 2
0.0000015900 1314
0.0000053000 78
0.0000338400 1
0.0056322200 1
0.0000062300 30
0.0000076700 11
0.0000137800 5
0.0000564000 1
0.0000683800 1
0.0000415500 1
0.0000279600 1
0.0004628800 5
0.0003812500 1
0.0000201000 1
0.0001124500 1
0.0000280900 2
0.0000349400 1
0.0000525000 2
0.0000036500 111
0.0000520000 1
0.0000055400 54
0.0000145500 9
0.0000246100 1
0.0000139700 10
0.0000058100 31
0.0000097200 4
0.0000093200 13
0.0000062500 36
0.0000210800 2
0.0000981700 1
0.0000268100 1
0.0000092500 19
0.0000958400 1
0.0000696200 2
0.0000058400 73
0.0000116900 1
0.0000104500 7
0.0000217200 1
0.0000310700 1
0.0000034200 99
0.0000471900 2
0.0000240100 1
0.0000741200 1
0.0001409300 1
0.0000806500 1
0.0000358500 1
0.0000114900 8
0.0000028600 522
0.0000085700 23
0.0000164600 2
0.0000201100 1
0.0000014800 2040
0.0000098100 4
0.0000506200 1
0.0000475400 1
0.0000409600 1
0.0000095800 9
0.0001778400 1
0.0000158200 2
0.0000100700 17
0.0000107500 9
0.0000362200 3
0.0000193100 1
0.0000179500 1
0.0000277900 2
0.0000157400 3
0.0000045800 114
0.0000137400 14
0.0001885300 1
0.0000112000 11
0.0000060900 479
0.0000295500 2
0.0000357400 1
0.0000716300 1
0.0000216800 3
0.0000137900 3
0.0000274300 1
0.0000463600 1
0.0000321900 1
0.0000118700 11
0.0000023900 313
0.0000258400 1
0.0000303700 1
0.0000138500 1
0.0000115600 3
0.0000357600 2
0.0000110600 3
0.0000578800 1
0.0000017400 558
0.0000345900 1
0.0000134200 3
0.0000415800 1
0.0000460600 2
0.0007520200 1
0.0000296800 2
0.0001069500 1
0.0000056900 24
0.0000726900 1
0.0000613800 1
0.0000152900 2
0.0004629000 2
0.0000328600 1
0.0000051700 73
0.0000425500 1
0.0000105600 8
0.0001530600 1
0.0000228400 1
0.0000436300 1
0.0000081400 47
0.0000203600 1
0.0000209200 1
0.0000067300 31
0.0000467100 1
0.0000287100 2
0.0000204100 3
0.0000129200 4
0.0002049400 1
0.0000083200 11
0.0000494100 2
0.0001158600 1
0.0000485000 3
0.0000101900 7
0.0000995900 1
0.0000451500 2
0.0000218000 1
0.0000193500 5
0.0000353400 1
0.0002560300 1
0.0000849000 1
0.0000155700 7
0.0000721000 1
0.0000358000 2
0.0000148600 1
0.0000359300 4
0.0000023100 230
0.0000160800 6
0.0000106900 7
0.0000320100 2
0.0002114400 1
0.0000372700 1
0.0000040200 60
0.0000445300 1
0.0000128700 1
0.0001592900 1
0.0000432700 4
0.0000673500 1
0.0000150100 4
0.0000081900 16
0.0003731200 1
0.0000029500 218
0.0000017200 661
0.0000866100 1
0.0000099900 6
0.0000175400 4
0.0000077500 12
0.0000792700 2
0.0000104200 7
0.0000301000 1
0.0003499100 1
0.0000676100 1
0.0000420100 1
0.0000034700 143
0.0000521400 1
0.0000589200 1
0.0000091600 10
0.0000250100 1
0.0000177700 2
0.0000131200 5
0.0000126400 9
0.0000722400 1
0.0000023800 306
0.0001074300 1
0.0000107900 5
0.0000513800 1
0.0000493600 1
0.0000149200 4
0.0003066400 1
0.0000041500 77
0.0000583500 1
0.0000519800 1
0.0000676400 1
0.0000048800 52
0.0000235700 1
0.0000225900 1
0.0001709500 1
0.0000028200 148
0.0000374200 1
0.0000173200 4
0.0000213100 1
0.0000389500 1
0.0000085400 8
0.0000083100 16
0.0001193100 1
0.0000046300 71
0.0000240300 18
0.0000295300 2
0.0000584600 1
0.0000017000 620
0.0000326400 3
0.0000063900 37
0.0000141500 6
0.0000278600 3
0.0000246600 3
0.0000163400 3
0.0000156400 3
0.0000183500 2
0.0000452100 1
0.0000074400 39
0.0000160900 3
0.0000086100 7
0.0000031800 2096
0.0000575800 1
0.0000180100 1
0.0000439900 1
0.0000594100 1
0.0000303500 1
0.0000299700 4
0.0004985600 1
0.0000132300 5
0.0000035800 121
0.0000236400 1
0.0000174900 3
0.0000758000 1
0.0000167300 3
0.0000045100 87
0.0000721300 1
0.0000096500 5
0.0000325800 1
0.0000156700 4
0.0000077000 23
0.0000184700 1
0.0000058300 352
0.0000171500 3
0.0000578400 4
0.0000227400 2
0.0000030700 239
0.0000056500 36
0.0000104400 4
0.0000156500 1
0.0000099000 17
0.0000019500 423
0.0000200300 1
0.0000757200 2
0.0000185000 2
0.0000079700 17
0.0000090300 47
0.0000049400 57
0.0000706100 1
0.0000829800 2
0.0000146800 7
0.0000215100 3
0.0001084900 1
0.0000346100 1
0.0000091100 14
0.0000124900 3
0.0000552200 1
0.0000480500 2
0.0000040100 69
0.0002530200 1
0.0000067000 12
0.0000233200 3
0.0000061400 34
0.0000218600 2
0.0000228900 1
0.0000359000 1
0.0000186800 57
0.0005854000 1
0.0000142500 9
0.0001743700 1
0.0000369300 1
0.0000305200 1
0.0000133400 3
0.0001205500 1
0.0000124700 2
0.0000259100 1
0.0000334200 1
0.0000019700 466
0.0000519000 1
0.0000059600 28
0.0000262100 2
0.0000074500 22
0.0000046500 65
0.0000490000 1
0.0000068800 11
0.0000148800 1
0.0000259000 3
0.0000136200 2
0.0000221000 1
0.0000044800 102
0.0002150900 1
0.0000015100 1719
0.0000134700 3
0.0000132600 4
0.0000127100 1
0.0000100800 33
0.0000180000 6
0.0000902500 1
0.0000317400 1
0.0000016700 704
0.0000147900 14
0.0002790400 8
0.0000301100 1
0.0000196200 2
0.0000174100 3
0.0000134300 7
0.0001138600 1
0.0000133200 3
0.0000476500 1
0.0000220900 1
0.0001029900 1
0.0000386600 1
0.0000252500 1
0.0000405000 3
0.0000377300 1
0.0000363600 1
0.0000384600 1
0.0000618200 1
0.0000686400 1
0.0000063200 29
0.0000188000 1
0.0000052800 34
0.0000130500 12
0.0000083800 17
0.0000103500 11
0.0000659800 1
0.0004946200 2
0.0007651200 1
0.0000193300 2
0.0000650200 1
0.0000127000 4
0.0000172300 2
0.0000076900 21
0.0000593400 1
0.0000440200 2
0.0000137300 3
0.0000122300 10
0.0000302600 2
0.0000864000 1
0.0000106800 5
0.0000159000 3
0.0000177400 1
0.0000112800 7
0.0000590900 4
0.0000138200 5
0.0000414600 2
0.0000631800 1
0.0000767700 1
0.0000074700 26
0.0000297900 2
0.0000765500 1
0.0000188200 175
0.0000390500 1
0.0000215400 3
0.0000082000 16
0.0000182700 1
0.0000061500 34
0.0000413900 1
0.0000394000 1
0.0000025800 202
0.0000642800 1
0.0000204400 4
0.0000076400 60
0.0000106400 5
0.0000373100 1
0.0000239500 1
0.0000029300 192
0.0000427100 1
0.0000085200 9
0.0000288200 1
0.0000162100 4
0.0000702400 2
0.0000039300 107
0.0001078800 1
0.0000091900 8
0.0000276900 1
0.0000097800 8
0.0000028700 472
0.0000208300 2
0.0000106200 7
0.0000281400 1
0.0000016600 820
0.0000204800 4
0.0000981800 1
0.0000018400 722
0.0002928200 2
0.0000064900 18
0.0000061300 57
0.0000079000 14
0.0000079300 30
0.0000826700 2
0.0000363500 1
0.0000040400 52
0.0000150000 1
0.0000023200 331
0.0000078300 23
0.0000094300 13
0.0001255700 1
0.0000055300 56
0.0000173800 1
0.0000080700 59
0.0000159400 3
0.0000124400 4
0.0000502800 1
0.0000249100 1
0.0000399600 2
0.0000080800 12
0.0000450200 1
0.0000451100 1
0.0000026700 204
0.0000174700 3
0.0000050100 63
0.0000055700 192
0.0000090900 15
0.0000401900 2
0.0000301500 3
0.0000047300 74
0.0000224600 2
0.0000128500 4
0.0000282900 2
0.0000086600 14
0.0000536100 2
0.0000154700 1
0.0000234400 1
0.0000155900 2
0.0000221300 1
0.0000276100 5
0.0005953500 1
0.0000326700 1
0.0000204300 1
0.0000187000 2
0.0000039800 153
0.0000342800 1
0.0000102400 5
0.0000196600 2
0.0000431700 1
0.0000287300 2
0.0000711900 2
0.0000198400 4
0.0000357800 3
0.0000453700 2
0.0000598300 2
0.0000021800 357
0.0000612000 1
0.0000449500 1
0.0000167800 4
0.0000609900 1
0.0002143100 1
0.0001306400 1
0.0000014600 2255
0.0000206700 5
0.0000142300 5
0.0000793400 2
0.0000380900 1
0.0000136400 2
0.0000511100 1
0.0000180700 3
0.0000150800 2
0.0000407100 1
0.0001027000 1
0.0003762000 1
0.0000490700 1
0.0000451200 1
0.0000043300 226
0.0000103000 5
0.0000128300 6
0.0001381600 1
0.0000082100 35
0.0000569800 1
0.0000187700 3
0.0000164900 1
0.0000834900 1
0.0000101500 26
0.0000221700 1
0.0000166800 3
0.0000720800 5
0.0000602400 2
0.0000140400 2
0.0000200100 2
0.0000319400 1
0.0000234700 1
0.0000406300 1
0.0000319500 1
0.0000015300 1704
0.0000059400 57
0.0000125500 3
0.0000063800 42
0.0000113500 2
0.0000073200 13
0.0000484400 1
0.0000181500 6
0.0000384500 1
0.0000154400 5
0.0000233000 1
0.0000720500 2
0.0000205700 4
0.0000775800 1
0.0000062200 64
0.0000129500 8
0.0000326900 1
0.0000559200 1
0.0000088500 14
0.0000291500 1
0.0000231300 2
0.0000479600 1
0.0000042700 201
0.0000241700 1
0.0005119400 1
0.0000151700 1
0.0000738100 1
0.0000112400 17
0.0000120200 9
0.0000480400 1
0.0000137600 11
0.0001718400 1
0.0000240800 1
0.0000332900 1
0.0000097600 5
0.0000242300 4
0.0000171400 2
0.0000130600 4
0.0000139800 5
0.0000121600 2
0.0000520700 1
0.0000142700 2
0.0000411900 1
0.0000657200 2
0.0000773300 1
0.0005289400 1
0.0000144800 2
0.0000684800 1
0.0000176400 1
0.0000084800 16
0.0001916800 1
0.0000095900 10
0.0000030600 237
0.0000550100 2
0.0000012900 8033
0.0000065300 27
0.0000106000 2
0.0000117200 6
0.0001967900 1
0.0000554000 1
0.0000227200 1
0.0000168400 4
0.0000201400 2
0.0000356000 3
0.0000269800 2
0.0000098800 6
0.0001438300 1
0.0000241000 1
0.0000350900 2
0.0000237600 1
0.0000017600 816
0.0000130800 3
0.0000022200 273
0.0000021100 343
0.0000610700 1
0.0000101800 5
0.0000093100 3
0.0000104100 9
0.0000050200 30
0.0000416000 1
0.0000037300 70
0.0000115200 6
0.0001050800 1
0.0000109900 3
0.0000661100 1
0.0000031000 180
0.0000161500 8
0.0000036600 86
0.0007714300 1
0.0004136400 3
0.0000460100 1
0.0004986600 2
0.0000047500 56
0.0000445400 1
0.0000056800 39
0.0000218400 1
0.0000511200 1
0.0000058200 28
0.0000043500 149
0.0000357700 1
0.0000078900 29
0.0000148700 5
0.0000216400 1
0.0000555000 1
0.0000082500 8
0.0006907500 4
0.0000648700 1
0.0000049100 161
0.0000480300 1
0.0000399500 1
0.0000145200 6
0.0000222200 1
0.0000231600 1
0.0000013500 6148
0.0000119600 4
0.0000322400 2
0.0000044900 62
0.0002384900 1
0.0000121300 20
0.0002993300 1
0.0000053700 44
0.0000016000 1483
0.0000071800 22
0.0003725900 1
0.0000040800 67
0.0000171700 5
0.0000347300 1
0.0002798600 1
0.0000234000 1
0.0000225500 4
0.0000077600 11
0.0000149700 2
0.0001913600 1
0.0000022600 236
0.0000045000 73
0.0000119900 1
0.0000634100 1
0.0000383600 1
0.0000388300 1
0.0000154800 2
0.0000288800 1
0.0000078800 49
0.0000299800 1
0.0000701100 1
0.0000202900 5
0.0000154600 2
0.0000068200 16
0.0000400900 2
0.0000923500 3
0.0000766000 1
0.0000048000 55
0.0000013000 6608
0.0000146700 5
0.0000074900 20
0.0000163000 1
0.0000117900 7
0.0000100000 8
0.0000054600 28
0.0000046900 56
0.0000143800 3
0.0000361800 1
0.0000243000 1
0.0000319800 2
0.0000232800 2
0.0000480000 1
0.0002105000 1
0.0001130600 1
0.0000052900 50
0.0001044500 1
0.0000270000 2
0.0000156300 2
0.0013830500 1
0.0000178600 3
0.0000259400 2
0.0000185500 1
0.0000014900 2149
0.0000053600 141
0.0000059900 316
0.0000018800 745
0.0000103800 28
0.0000111700 5
0.0000167400 1
0.0000083400 29
0.0000324300 1
0.0000912300 1
0.0000613900 1
0.0000197200 1
0.0000598200 2
0.0000081300 64
0.0000787500 1
0.0000355700 1
0.0004136500 3
0.0000189000 3
0.0000327300 2
0.0000025700 264
0.0000138600 4
0.0000149000 6
0.0000463900 1
0.0000575400 1
0.0000169200 2
0.0000924700 1
0.0000142600 9
0.0000791200 4
0.0000129600 14
0.0000386400 1
0.0000793500 2
0.0000930300 5
0.0000538700 1
0.0000177800 1
0.0000749700 2
0.0000564800 1
0.0000071200 9
0.0000893500 1
0.0000314200 1
0.0000188100 3
0.0000053800 54
0.0000339600 1
0.0000045200 69
0.0000086300 13
0.0000126700 6
0.0000182000 5
0.0000199000 1
0.0000112200 8
0.0000187400 4
0.0000107700 9
0.0000012800 10755
0.0000052500 92
0.0000214500 2
0.0000139400 4
0.0000446600 1
0.0000315200 1
0.0000639300 1
0.0000147300 4
0.0027255400 1
0.0000361200 1
0.0000117700 10
0.0000786700 1
0.0000341700 1
0.0000142400 10
0.0000208500 2
0.0000307800 1
0.0000089800 24
0.0000557700 1
0.0000554200 1
0.0000159600 4
0.0001326300 1
0.0000184400 7
0.0000241500 1
0.0000023600 358
0.0000607100 1
0.0000392000 1
0.0000181700 1
0.0000282300 4
0.0000607800 1
0.0000095000 14
0.0000336500 1
0.0000210700 3
0.0000325300 1
0.0000179300 1
0.0000065400 17
0.0000020000 457
0.0000685800 1
0.0000532500 1
0.0000030300 190
0.0000251900 2
0.0000271500 2
0.0000650400 1
0.0000138400 2
0.0000476400 1
0.0000231000 2
0.0000514200 4
0.0000085900 18
0.0000782500 1
0.0000756400 1
0.0000183300 1
0.0000082600 21
0.0000484600 1
0.0000169700 1
0.0000166900 3
0.0000223000 2
0.0005736700 1
0.0000369600 1
0.0000021500 401
0.0000136300 6
0.0001807100 1
0.0000293400 2
0.0000197500 2
0.0000324400 3
0.0009511000 1
0.0000194600 3
0.0003273100 1
0.0001248900 1
0.0000259700 1
0.0000314900 1
0.0000472300 1
0.0000070700 159
0.0004843000 1
0.0000245500 1
0.0000305000 2
0.0002917800 1
0.0000551100 1
0.0000407500 1
0.0000154100 2
0.0000267200 2
0.0000110500 56
0.0000574400 3
0.0000269700 5
0.0002848700 1
0.0003994400 1
0.0000106700 6
0.0014701600 1
0.0000546300 3
0.0000135200 3
0.0000158700 4
0.0000322000 2
0.0000041900 1035
0.0002285100 1
0.0000757100 2
0.0000481100 5
0.0000043200 102
0.0000433700 1
0.0000086200 17
0.0000176300 2
0.0000302700 1
0.0000069900 1206
0.0000447200 1
0.0000362600 2
0.0000208100 3
0.0000184200 3
0.0000627800 2
0.0000237300 1
0.0000088700 12
0.0000078200 9
0.0000155300 4
0.0000026400 253
0.0000066700 14
0.0000408400 1
0.0000134800 7
0.0000609800 1
0.0000376900 1
0.0000263700 2
0.0001209100 1
0.0000041200 109
0.0000371600 1
0.0000069700 11
0.0000080100 55
0.0000590200 1
0.0000120500 6
0.0000630100 1
0.0000060300 49
0.0000239700 2
0.0000236800 2
0.0000957300 1
0.0000064600 43
0.0000087000 44
0.0000479400 1
0.0000197400 1
0.0000101000 12
0.0000088900 21
0.0000135800 1
0.0000866200 1
0.0000049800 415
0.0000171600 5
0.0000075900 28
0.0000392200 2
0.0000570200 1
0.0000124000 14
0.0000172100 2
0.0000090700 10
0.0000195400 3
0.0000362100 2
0.0000103100 9
0.0000812600 1
0.0000501800 1
0.0000414300 1
0.0000485400 3
0.0000139300 2
0.0000074300 49
0.0000185100 8
0.0000136500 1
0.0000398700 1
0.0000016100 1148
0.0000137200 1
0.0000200900 1
0.0000812400 1
0.0000414900 1
0.0000261700 1
0.0000346300 2
0.0000013400 5845
0.0000205900 1
0.0000435600 2
0.0000128200 6
0.0000750500 2
0.0002376500 1
0.0000047000 63
0.0000285200 1
0.0000457500 1
0.0000482800 1
0.0000424800 2
0.0000487300 1
0.0000108700 4
0.0000097500 11
0.0000161700 1
0.0000194100 5
0.0000316900 1
0.0000216000 1
0.0000036400 135
0.0000695600 1
0.0000282800 1
0.0000393600 1
0.0000135700 6
0.0000074800 10
0.0000014300 2922
0.0000196700 1
0.0000185300 2
0.0000040900 110
0.0000048100 46
0.0000430400 1
0.0000054400 575
0.0001909500 1
0.0000059300 61
0.0000114600 3
0.0004622700 1
0.0000256800 1
0.0000030500 138
0.0000634500 1
0.0000071100 12
0.0000028900 640
0.0000032200 108
0.0000271100 1
0.0000134600 10
0.0002114200 1
0.0001893800 1
0.0001510100 2
0.0000162200 2
0.0000037400 92
0.0002941400 1
0.0000216100 1
0.0000794600 1
0.0000756900 2
0.0000019400 491
0.0000056200 37
0.0000549900 2
0.0000121800 6
0.0000796400 2
0.0000214900 1
0.0000055100 43
0.0000012500 16075
0.0000069000 24
0.0000226100 1
0.0000135300 9
0.0000647800 1
0.0000303800 1
0.0000016400 1748
0.0000127600 4
0.0000641900 1
0.0000370100 2
0.0000421200 1
0.0000037800 145
0.0000014100 2725
0.0000103400 17
0.0000524800 2
0.0000112700 24
0.0000220600 1
0.0000082900 12
0.0000013300 4988
0.0000442600 1
0.0000312600 1
0.0000830700 1
0.0000070200 20
0.0000033600 292
0.0000116500 5
0.0000338700 1
0.0000395600 5
0.0000373400 1
0.0000190700 6
0.0000111500 3
0.0000164400 5
0.0000194200 2
0.0000179000 1
0.0000338200 1
0.0000334700 3
0.0000097700 18
0.0000094500 4
0.0000293000 1
0.0000033400 274
0.0000332400 2
0.0000078100 15
0.0000114500 4
0.0000152700 3
0.0000115800 6
0.0000505300 2
0.0000463800 1
0.0000045600 73
0.0000147200 2
0.0000097900 12
0.0000240700 1
0.0001325800 1
0.0000268600 1
0.0000717000 1
0.0000426200 1
0.0000072200 16
0.0000024800 226
0.0000407700 1
0.0000454300 1
0.0000087400 16
0.0000076300 12
0.0000080300 10
0.0000141600 5
0.0000142100 4
0.0005245700 1
0.0000082400 17
0.0000066100 24
0.0000118100 9
0.0000537300 2
0.0000050300 35
0.0003388200 1
0.0001014500 1
0.0000274600 1
0.0001011800 1
0.0000271000 1
0.0000072300 25
0.0000207000 2
0.0000063000 15
0.0000075200 21
0.0000414700 1
0.0001086600 1
0.0000273200 2
0.0000193800 3
0.0000646100 1
0.0000109700 15
0.0000613200 2
0.0000448200 1
0.0000040300 84
0.0006390000 1
0.0000459500 1
0.0000671600 2
0.0000027800 221
0.0000391200 1
0.0000105700 8
0.0019011600 1
0.0000244200 2
0.0000404000 2
0.0000079400 400
0.0000641100 1
0.0000250800 2
0.0000209400 4
0.0000513900 1
0.0000056300 44
0.0000059700 36
0.0000167500 1
0.0000975200 1
0.0000804700 1
0.0000186400 1
0.0000613600 1
0.0000230700 2
0.0000152600 3
0.0004629100 2
0.0000295200 2
0.0000147100 3
0.0002896100 1
0.0000065500 11
0.0000630300 1
0.0000037500 98
0.0000628300 1
0.0000093700 15
0.0000208800 1
0.0000121100 3
0.0000119500 5
0.0000324500 1
0.0000159200 2
0.0000279800 2
0.0000146200 5
0.0000015600 1853
0.0000073700 13
0.0000229300 2
0.0000181300 1
0.0000226300 1
0.0000036200 98
0.0000131000 1
0.0000623500 4
0.0000096400 12
0.0000135000 3
0.0000352200 2
0.0000529500 4
0.0000333800 1
0.0000224000 6
0.0000319700 1
0.0000355900 1
0.0000124100 8
0.0000178100 6
0.0000194400 2
0.0000093000 7
0.0000124200 7
0.0000167100 2
0.0000421000 1
0.0000157900 4
0.0000164500 4
0.0000368200 2
0.0000223900 2
0.0000822300 1
0.0000138800 4
0.0000146600 7
0.0000316200 2
0.0000914500 1
0.0000096100 13
0.0000278100 1
0.0000043100 89
0.0000452500 1
0.0000113900 6
0.0000431900 1
0.0000173900 1
0.0000228500 2
0.0000238600 1
0.0000147400 2
0.0000215500 2
0.0000016900 764
0.0000030000 188
0.0000317800 1
0.0000087700 13
0.0000132000 2
0.0000178700 3
0.0000057500 57
0.0000271700 1
0.0004137500 1
0.0000594900 1
0.0000495500 1
0.0000024300 253
0.0000126500 8
0.0000791500 1
0.0000070100 14
0.0000517600 1
0.0000583600 1
0.0000445600 1
0.0000914300 1
0.0000018100 572
0.0000386900 1
0.0000028100 153
0.0000049300 45
0.0000036900 112
0.0000064300 23
0.0000038700 105
0.0000183000 2
0.0000561300 1
0.0000062700 41
0.0000069300 22
0.0000100200 12
0.0000040000 58
0.0000129400 4
0.0000039900 176
0.0023566700 1
0.0000290500 1
0.0000125300 9
0.0000282700 1
0.0000196500 1
0.0000057700 405
0.0000161300 6
0.0000130400 8
0.0000163600 6
0.0000617900 2
0.0000233100 3
0.0009065500 1
0.0000044100 82
0.0000248800 1
0.0000613100 2
0.0000322200 2
0.0000035200 163
0.0000183100 4
0.0000017300 590
0.0000526300 1
0.0000034600 106
0.0000302000 1
0.0000514400 1
0.0000032900 241
0.0000131500 5
0.0000243800 2
0.0000159900 1
0.0000194800 4
0.0000701500 1
0.0000514700 1
0.0001982200 1
0.0000064000 35
0.0000015400 1844
0.0000064400 25
0.0000102100 28
0.0000130300 9
0.0000014000 4218
0.0000808100 1
0.0008424700 1
0.0000236900 1
0.0003026300 1
0.0000307500 3
0.0000090500 8
0.0000027200 158
0.0000020100 589
0.0000446000 1
0.0000249200 1
0.0000255200 1
0.0000742200 1
0.0000044300 67
0.0000770000 1
0.0000501000 1
0.0000499200 1
0.0000486800 1
0.0000190300 1
0.0000420900 2
0.0000469200 1
0.0000040500 71
0.0000544000 1
0.0000473500 1
0.0000133500 3
0.0000096800 11
0.0000037700 89
0.0000083700 38
0.0000473900 1
0.0000020200 583
0.0000189400 3
0.0000352300 1
0.0000365000 1
0.0000214800 1
0.0000664900 2
0.0000707100 1
0.0000199800 1
0.0000226200 2
0.0000605300 2
0.0000216200 1
0.0000014400 2935
0.0000050000 68
0.0000072800 13
0.0000473300 1
0.0000123800 2
0.0000327800 1
0.0000178400 6
0.0002003000 1
0.0000224200 1
0.0000212800 3
0.0000221500 1
0.0000429900 2
0.0000061000 27
0.0000939500 3
0.0003111400 1
0.0000332000 1
0.0002179400 1
0.0002015700 1
0.0000288500 2
0.0000089600 11
0.0000225800 1
0.0000219800 5
0.0000775300 4
0.0000065700 9
0.0000179400 2
0.0000702600 1
0.0000220100 1
0.0000427200 1
0.0000220500 1
0.0001295500 2
0.0000299500 1
0.0000042600 258
0.0000081100 31
0.0000164100 2
0.0000215300 1
0.0000264500 1
0.0000032600 229
0.0000128000 12
0.0000206500 1
0.0000711300 1
0.0000890500 1
0.0000104000 5
0.0000660900 1
0.0000013200 7089
0.0000513600 1
0.0000229400 2
0.0000257200 1
0.0000404200 1
0.0000397400 2
0.0000132200 8
0.0000276700 1
0.0000244100 2
0.0000360700 1
0.0000079600 20
0.0000067900 16
0.0000766900 2
0.0000524600 2
0.0033168000 1
0.0000020500 386
0.0000033300 239
0.0000294300 1
0.0000133300 1
0.0000795900 1
0.0000332100 1
0.0007922000 1
0.0000021600 513
0.0000073300 11
0.0000222500 1
0.0000102600 21
0.0000081200 22
0.0000085500 11
0.0000117100 4
0.0000194000 2
0.0000627900 2
0.0000325900 1
0.0000066800 20
0.0000184900 7
0.0000451300 1
0.0000148100 4
0.0000158400 6
0.0000307700 1
0.0000370300 1
0.0000323400 2
0.0000099700 5
0.0000238900 1
0.0000672600 1
0.0000516900 1
0.0000013900 3585
0.0000396600 1
0.0000208400 3
0.0000212000 1
0.0000251400 1
0.0000128100 4
0.0000271400 2
0.0000105000 6
0.0000313100 1
0.0000081700 13
0.0000067700 22
0.0000367500 1
0.0000331600 1
0.0000260000 2
0.0000369000 2
0.0000160700 18
0.0000183600 1
0.0000071300 9
0.0000047900 51
0.0000409900 1
0.0000058800 51
0.0000103700 10
0.0000152400 7
0.0000227700 2
0.0000071600 9
0.0000175500 6
0.0000527600 1
0.0000079800 30
0.0005526500 1
0.0000083000 13
0.0000298800 1
0.0000219300 1
0.0000590000 3
0.0000242400 1
0.0000027900 211
0.0000018200 1225
0.0000012300 7891
0.0000360800 1
0.0004528900 1
0.0000065800 28
0.0000122700 2
0.0000139200 3
0.0000777700 1
0.0000131700 11
0.0000242800 5
0.0000538600 1
0.0002598200 1
0.0000598800 2
0.0000065600 35
0.0000156000 7
0.0000811400 2
0.0000414500 1
0.0000102700 12
0.0000146400 6
0.0000279500 5
0.0000175000 1
0.0000065000 32
0.0000359100 2
0.0000056600 107
0.0000434700 1
0.0000021400 342
0.0000043600 90
0.0000188700 4
0.0001825900 1
0.0000082800 29
0.0000286300 2
0.0000961600 1
0.0000101100 21
0.0000234100 1
0.0000771100 1
0.0000189100 9
0.0001684700 1
0.0000776400 1
0.0000164700 3
0.0000140700 4
0.0000099600 15
0.0001056800 1
0.0000195700 1
0.0000039000 78
0.0000194700 8
0.0000187200 1
0.0000070300 19
0.0000134100 3
0.0000156100 4
0.0000161600 1
0.0000190500 1
0.0000188600 2
0.0000057400 40
0.0000781700 1
0.0000343900 1
0.0000141100 2
0.0000049900 34
0.0000063100 19
0.0000720700 1
0.0000027700 250
0.0000202300 3
0.0000152800 11
0.0000028300 147
0.0000233600 1
0.0000161800 1
0.0000241900 1
0.0000468600 1
0.0000070800 11
0.0001603900 1
0.0000816500 1
0.0000277600 3
0.0000114800 5
0.0000393900 2
0.0001288100 1
0.0000172500 3
0.0000153900 2
0.0000665600 1
0.0000435100 3
0.0000656100 1
0.0000103900 11
0.0000342400 2
0.0000433500 2
0.0000257700 2
0.0000376500 2
0.0000197900 1
0.0000539300 1
0.0000058000 54
0.0001563600 1
0.0000258100 2
0.0000660500 1
0.0000133700 3
0.0000085100 22
0.0000626100 1
0.0000051600 35
0.0000606000 1
0.0000023700 268
0.0000402900 1
0.0000287500 1
0.0000246400 1
0.0000419300 1
0.0000127800 13
0.0000470800 1
0.0000115300 11
0.0003544700 1
0.0000145700 2
0.0000086000 12
0.0000039700 109
0.0002178700 1
0.0000256100 1
0.0000122800 7
0.0000251600 1
0.0000629900 3
0.0001607700 3
0.0001212700 1
0.0000419700 1
0.0000128600 2
0.0000143200 4
0.0000109400 3
0.0000783000 1
0.0002711700 1
0.0000033900 249
0.0000580100 1
0.0000062600 76
0.0000097000 9
0.0000068000 24
0.0000310600 1
0.0000426300 1
0.0000435200 1
0.0000748800 1
0.0000232700 2
0.0000061200 34
0.0000434900 3
0.0000107200 4
0.0000060500 46
0.0000372100 1
0.0000247700 2
0.0000019200 522
0.0000490600 1
0.0000174400 1
0.0000417000 1
0.0000316100 1
0.0000119300 9
0.0000456100 1
0.0000079100 20
0.0000101400 13
0.0000112500 7
0.0000141300 7
0.0000558900 1
0.0000165900 2
0.0000022400 281
0.0000154000 10
0.0000110700 5
0.0000134500 1
0.0000156200 2
0.0000321800 1
0.0000084200 68
0.0000046700 36
0.0000549800 4
0.0000165000 1
0.0000244600 5
0.0000099800 5
0.0000207200 5
0.0000728600 1
0.0000137500 5
0.0000683500 2
0.0000396800 2
0.0000318700 1
0.0000089400 23
0.0000226700 3
0.0000125000 1
0.0000240000 1
0.0000558700 2
0.0000420500 1
0.0000494200 1
0.0000254300 1
0.0000652300 1
0.0041378700 1
0.0000089500 9
0.0000732900 1
0.0000269300 4
0.0000355200 1
0.0000684600 1
0.0000058600 34
0.0000192600 2
0.0000086900 19
0.0013950200 1
0.0001016200 1
0.0000025500 146
0.0000395700 1
0.0000429300 1
0.0000250900 1
0.0000247900 1
0.0000155600 2
0.0000372200 1
0.0000676200 1
0.0000121000 4
0.0000164000 2
0.0000197700 1
0.0000848000 1
0.0000057800 55
0.0000462700 1
0.0000750400 1
0.0000105300 3
0.0000109200 10
0.0000438100 2
0.0001483400 1
0.0002368000 1
0.0000285600 1
0.0000065200 23
0.0000108400 7
0.0000995400 1
0.0000120000 6
0.0000090100 7
0.0000327500 1
0.0000332700 1
0.0000120100 6
0.0000087500 18
0.0000565100 1
0.0000050600 67
0.0000278400 1
0.0000686800 1
0.0000282000 1
0.0000307200 1
0.0000828200 1
0.0004096000 1
0.0000174500 3
0.0000310100 1
0.0000408000 1
0.0000299000 1
0.0002919300 1
0.0000060400 498
0.0000103600 9
0.0000673000 1
0.0000646500 1
0.0000227900 1
0.0000368800 1
0.0000642400 2
0.0000263300 1
0.0000555700 1
0.0000161900 3
0.0000029400 145
0.0000849300 2
0.0000436900 1
0.0000203900 2
0.0004136600 1
0.0000430200 2
0.0000542100 1
0.0000448100 1
0.0000218300 1
0.0000051400 39
0.0004986900 1
0.0000308100 1
0.0000630900 1
0.0000780000 1
0.0000187300 1
0.0000299200 1
0.0000217900 1
0.0000328400 1
0.0000123700 8
0.0001193200 1
0.0000198200 7
0.0000458000 2
0.0000146100 2
0.0000113000 9
0.0000202500 1
0.0000195200 1
0.0000293800 1
0.0020606300 1
0.0000144200 4
0.0000460900 1
0.0000028500 195
0.0000059000 38
0.0000321300 1
0.0000346000 2
0.0000157500 1
0.0000201700 1
0.0001066500 1
0.0000568400 2
0.0000410400 1
0.0000454500 1
0.0000172200 2
0.0000365800 1
0.0000311400 2
0.0000176000 4
0.0001135400 1
0.0000189500 2
0.0000204900 1
0.0000193900 1
0.0000355600 3
0.0000068300 31
0.0000104600 5
0.0000029200 234
0.0000037100 90
0.0000133000 3
0.0000128400 5
0.0000120400 6
0.0000290600 1
0.0000033700 547
0.0001593000 1
0.0000067800 20
0.0000181900 1
0.0000082700 9
0.0002647900 1
0.0000098900 8
0.0000165400 2
0.0000629300 1
0.0000123200 4
0.0002867000 1
0.0000116300 12
0.0000296300 1
0.0002966900 1
0.0000228800 1
0.0000122500 7
0.0000053300 51
0.0000133900 8
0.0000177000 3
0.0000498700 1
0.0000385300 1
0.0000225600 1
0.0000363900 1
0.0000333400 1
0.0000029600 181
0.0000127500 2
0.0000037600 142
0.0000139500 4
0.0000052700 42
0.0000029800 188
0.0000235300 1
0.0000772200 1
0.0000213800 1
0.0000501500 2
0.0000337600 2
0.0000207100 4
0.0000143400 6
0.0000649700 1
0.0000023500 333
0.0000575500 1
0.0000536500 1
0.0000139600 3
0.0003586800 1
0.0000307400 7
0.0000257300 2
0.0000026100 277
0.0001386000 1
0.0000101300 16
0.0000354800 1
0.0000337200 1
0.0000109300 9
0.0000054200 104
0.0000104900 11
0.0000247200 1
0.0000067400 22
0.0000405200 1
0.0000114700 7
0.0000377800 1
0.0000246900 1
0.0000403600 1
0.0000035300 134
0.0000102800 7
0.0004106100 1
0.0000307100 1
0.0000196800 8
0.0000022100 327
0.0000110800 6
0.0000019800 408
0.0000324100 2
0.0000224100 1
0.0000048400 66
0.0000110400 6
0.0000381600 2
0.0000937500 1
0.0006912400 1
0.0000158000 6
0.0000494300 1
0.0000129300 4
0.0000775900 1
0.0000645700 1
0.0000055200 38
0.0000140500 2
0.0000327400 1
0.0000031200 166
0.0000097400 8
0.0000296900 1
0.0000173400 2
0.0000702200 1
0.0000044000 74
0.0000273000 2
0.0000124300 6
0.0000364400 1
0.0000383500 1
0.0000562800 2
0.0000275300 1
0.0000452600 1
0.0000402300 3
0.0000158900 4
0.0000199700 2
0.0000129800 10
0.0000981200 1
0.0000140000 10
0.0000101600 38
0.0000524900 1
0.0000361000 1
0.0000509700 2
0.0000182500 3
0.0000060200 30
0.0000045400 101
0.0000095700 4
0.0000155100 1
0.0000497000 2
0.0000073100 31
0.0000594300 1
0.0000024600 247
0.0000072000 19
0.0000212900 8
0.0000167600 3
0.0000172600 1
0.0000031900 561
0.0000372900 1
0.0000683300 1
0.0000521600 1
0.0000144600 2
0.0000123600 6
0.0000125100 9
0.0000149300 3
0.0000102000 8
0.0003220800 1
0.0000616100 1
0.0000514900 1
0.0001085300 1
0.0000112100 6
0.0000242100 1
0.0001058600 1
0.0000036700 152
0.0000181400 2
0.0000181800 3
0.0000421700 1
0.0000213000 8
0.0000367200 2
0.0000197800 7
0.0000258300 2
0.0000092100 14
0.0000227100 3
0.0020451100 1
0.0000407400 1
0.0000198900 1
0.0001141300 1
0.0000202400 1
0.0006351100 1
0.0000190900 2
0.0000163100 10
0.0001799500 3
0.0000243700 1
0.0000152500 5
0.0000772700 1
0.0000069500 16
0.0000094400 11
0.0000130000 12
0.0000054500 52
0.0000101200 8
0.0000071900 14
0.0000118000 7
0.0000483200 2
0.0000039600 86
0.0000347200 1
0.0000625900 1
0.0000024700 215
0.0000068700 14
0.0000214400 2
0.0000130200 6
0.0000439800 2
0.0000364200 2
0.0001076500 2
0.0000129900 2
0.0000176200 3
0.0000049700 36
0.0000494800 1
0.0000049200 219
0.0000215800 1
0.0001308300 1
0.0000360200 5
0.0000685300 1
0.0000244900 1
0.0000116700 6
0.0000105200 6
0.0000209600 1
0.0000068400 23
0.0000278000 5
0.0000163500 5
0.0000356800 1
0.0000040700 80
0.0000510600 3
0.0003699700 2
0.0000433800 1
0.0000383200 1
0.0000539500 1
0.0000631900 1
0.0000507800 1
0.0000140200 4
0.0000298600 1
0.0000880800 2
0.0000225700 3
0.0000048900 35
0.0000048300 52
0.0000298700 1
0.0000497800 2
0.0000472000 2
0.0001066700 1
0.0000508800 1
0.0000273800 2
0.0000189700 1
0.0000433100 1
0.0000073600 37
0.0000116800 5
0.0000093300 3
0.0000188800 2
0.0000184000 1
0.0000145800 10
0.0000294400 1
0.0000173100 1
0.0000334400 1
0.0000018600 645
0.0000052300 37
0.0000295800 4
0.0000111400 2
0.0000091500 8
0.0000116100 7
0.0000076000 3
0.0000049000 41
0.0000046800 43
0.0000172700 2
0.0000130100 2
0.0000129100 27
0.0000162600 1
0.0000125900 2
0.0000093600 8
0.0000291100 1
0.0000015200 1782
0.0000205800 4
0.0000794800 1
0.0000517300 1
0.0000172800 1
0.0000263000 1
0.0000092800 10
0.0000511600 1
0.0000105800 3
0.0000442700 1
0.0000119800 8
0.0000162800 4
0.0000118300 13
0.0000521500 1
0.0000217400 1
0.0000072100 39
0.0000042800 221
0.0000142800 9
0.0000058700 29
0.0000101700 5
0.0000145600 4
0.0000084400 6
0.0000114100 5
0.0000537900 1
0.0000164300 1
0.0000141900 4
0.0000315400 1
0.0000460700 2
0.0000444100 2
0.0000149900 4
0.0000160400 6
0.0000512400 1
0.0004103000 1
0.0000461200 1
0.0000239100 2
0.0000316500 1
0.0000278900 1
0.0000391700 1
0.0000267900 2
0.0000192700 1
0.0000213600 2
0.0000804500 1
0.0000505200 2
0.0000022700 396
0.0000321600 1
0.0000169400 4
0.0000338600 1
0.0000239300 1
0.0000571600 1
0.0000313800 3
0.0000230600 2
0.0000271200 1
0.0000113600 9
0.0000085600 7
0.0000148000 1
0.0000158800 3
0.0000388000 3
0.0000217800 1
0.0000185200 2
0.0001123200 1
0.0000115400 3
0.0000012700 9561
0.0000584300 1
0.0000391000 2
0.0000149600 1
0.0000124500 5
0.0000143700 1
0.0000382900 2
0.0000240200 1
0.0001460800 1
0.0000098200 1
0.0000168800 5
0.0000979000 1
0.0000131300 4
0.0000038100 113
0.0000284200 2
0.0000239800 2
0.0000466500 2
0.0000455000 1
0.0000648000 1
0.0000471000 1
0.0000216700 2
0.0000289000 2
0.0001764200 1
0.0000235800 1
0.0000162900 2
0.0000847900 1
0.0000207600 4
0.0000232100 5
0.0000180800 2
0.0001456900 1
0.0000140800 4
0.0000406200 1
0.0000460300 2
0.0000093800 9
0.0000133800 1
0.0000061100 54
0.0000702700 1
0.0000159800 4
0.0000255800 1
0.0000132800 11
0.0000051200 46
0.0000078700 30
0.0000017100 737
0.0000131100 10
0.0001000500 1
0.0000216500 2
0.0000195800 1
0.0000043800 337
0.0000797200 1
0.0000108900 16
0.0000200600 2
0.0000126300 8
0.0000110300 12
0.0000018500 1747
0.0001320700 1
0.0000111000 4
0.0000295600 2
0.0000034500 262
0.0000637100 1
0.0000226500 3
0.0000201200 1
0.0000412700 1
0.0000216300 2
0.0000170300 2
0.0000196300 1
0.0000843800 1
0.0000032800 173
0.0000191600 2
0.0000148500 2
0.0000095100 16
0.0027677800 1
0.0001559500 1
0.0000151600 3
0.0000056000 48
0.0000206400 2
0.0000471800 2
0.0000169500 2
0.0000379000 1
0.0000020400 372
0.0000557500 1
0.0000693700 1
0.0000085300 6
0.0000734100 1
0.0000179200 1
0.0004109700 1
0.0003251400 1
0.0000050900 98
0.0000222100 4
0.0000093500 13
0.0000275500 2
0.0000488700 2
0.0000041600 80
0.0000145400 8
0.0000111200 2
0.0000292700 2
0.0000260100 1
0.0000135500 4
0.0000712300 1
0.0000340100 1
0.0000046600 45
0.0000217100 3
0.0000042300 404
0.0004826600 1
0.0000179800 2
0.0000976900 2
0.0000235400 1
0.0000321400 1
0.0000053400 53
0.0000812100 1
0.0000428200 1
0.0002940400 1
0.0000075800 17
0.0000092900 39
0.0000242700 2
0.0000189600 1
0.0000498300 1
0.0000040600 93
0.0000312900 1
0.0000221800 4
0.0000112900 7
0.0000287600 1
0.0000778800 4
0.0000939200 1
0.0000476900 1
0.0000293600 182
0.0000076500 22
0.0000134400 2
0.0000300400 1
0.0000355800 1
0.0000029700 206
0.0000304000 2
0.0000075000 18
0.0000331800 1
0.0000044700 67
0.0000064100 34
0.0000362500 1
0.0000061900 19
0.0000502600 2
0.0000072700 16
0.0000174600 1
0.0000250200 1
0.0000223400 1
0.0000252400 1
0.0000151900 4
0.0000075400 14
0.0000131400 5
0.0000682800 1
0.0000427300 1
0.0000155500 5
0.0000100600 4
0.0000057900 28
0.0000050400 46
0.0000382000 1
0.0000204600 3
0.0000705600 1
0.0000029900 183
0.0002147900 1
0.0000038600 70
0.0000288900 2
0.0000077200 14
0.0001022000 1
0.0000448300 2
0.0000198600 14
0.0000149800 5
0.0000410200 1
0.0000077700 22
0.0000062800 43
0.0000570500 1
0.0000274000 2
0.0000163700 3
0.0000337900 1
0.0000230500 1
0.0000361700 1
0.0000620900 1
0.0000409300 1
0.0000428800 1
0.0000275400 1
0.0000022500 316
0.0000075500 18
0.0000282400 5
0.0000169900 1
0.0000205600 3
0.0000419800 2
0.0000724100 1
0.0000043700 67
0.0001893300 1
0.0000100300 13
0.0000022000 746
0.0000314100 1
0.0000069200 13
0.0000219900 2
0.0000019900 473
0.0000248300 2
0.0000051000 606
0.0000150400 6
0.0000581500 1
0.0000104300 10
0.0001717700 1
0.0000079200 15
0.0003152400 1
0.0000426100 2
0.0000077800 9
0.0000120700 6
0.0000548800 9
0.0001756100 1
0.0000055600 168
0.0000220000 1
0.0000070600 12
0.0000588400 1
0.0000616600 1
0.0000924500 1
0.0000332600 5
0.0000299100 1
0.0000262800 1
0.0000142000 5
0.0000132500 2
0.0000311900 1
0.0000155000 3
0.0000076100 15
0.0000088600 15
0.0000052600 244
0.0000611800 3
0.0000421300 1
0.0000090400 14
0.0000108600 7
0.0001075300 1
0.0000465900 2
0.0004136700 6
0.0000086700 9
0.0000057000 38
0.0000666500 1
0.0000114200 8
0.0000237200 3
0.0000020900 345
0.0000108500 6
0.0004253500 1
0.0000329100 1
0.0000038400 97
0.0000131900 6
0.0000100500 7
0.0000459600 2
0.0000031100 234
0.0000162700 17
0.0000095200 9
0.0000025300 569
0.0000111900 8
0.0000480100 1
0.0000162500 1
0.0000110200 6
0.0000853400 1
0.0000123400 2
0.0000029100 319
0.0000194300 4
0.0000190800 3
0.0003698400 1
0.0008003800 1
0.0000114400 4
0.0000132100 3
0.0000176900 1
0.0000131800 6
0.0000157600 3
0.0000757500 1
0.0001083900 1
0.0001275600 1
0.0000210500 1
0.0000371400 1
0.0000465400 1
0.0000804800 1
0.0000230300 3
0.0000154300 5
0.0000312700 3
0.0000492500 1
0.0000170400 2
0.0000103300 1
0.0000574300 1
0.0000191200 1
0.0000531700 1
0.0000465100 1
0.0000431000 2
0.0000189900 3
0.0000041800 367
0.0004385300 4
0.0000128900 4
0.0000014500 2302
0.0000125700 3
0.0000113300 11
0.0000019100 611
0.0000131600 2
0.0000558400 1
0.0000247800 6
0.0000150500 6
0.0000119100 6
0.0000359400 1
0.0000183200 2
0.0000658500 1
0.0000524500 4
0.0000027600 225
0.0000025100 249
0.0000458200 1
0.0000098700 10
0.0000802800 1
0.0000045300 121
0.0000033500 233
0.0000873100 1
0.0000102900 9
0.0000072600 14
0.0000043900 84
0.0000061700 28
0.0000295700 2
0.0000196900 2
0.0000509900 2
0.0000247000 2
0.0000212400 1
0.0002584100 1
0.0000021700 475
0.0000280800 2
0.0000045900 83
0.0000136900 7
0.0000116000 5
0.0000162000 4
0.0000213300 4
0.0000063400 612
0.0003222300 1
0.0001475600 1
0.0000294900 3
0.0000129000 12
0.0000318100 1
0.0009719900 1
0.0000485600 1
0.0000098600 6
0.0000153100 6
0.0000136100 3
0.0000041400 107
0.0000112300 19
0.0010782900 1
0.0000086400 26
0.0000123100 7
0.0000869600 1
0.0000256300 1
0.0000382800 1
0.0000467600 1
0.0000038800 102
0.0000080500 15
0.0000195000 1
0.0000286900 3
0.0000339300 1
0.0000187500 2
0.0000298100 2
0.0000033100 256
0.0000084700 11
0.0001104300 1
0.0000210100 1
0.0000219200 1
0.0000494000 2
0.0000432900 2
0.0000342100 3
0.0006637700 1
0.0000099400 11
0.0000185600 1
0.0000314800 1
0.0000048200 32
0.0000151200 3
0.0000339500 1
0.0000537000 2
0.0000035700 114
0.0000201500 2
0.0000253800 1
0.0000180900 3
0.0000323000 1
0.0000610500 1
0.0000466300 1
0.0000068100 16
0.0000092600 26
0.0000209000 2
0.0023463200 1
0.0001055800 1
0.0000178300 2
0.0000218800 1
0.0000232300 1
0.0000534800 1
0.0000526100 1
0.0000060700 52
0.0000087200 12
0.0000507900 1
0.0000353800 1
0.0000146300 2
0.0000382300 1
0.0000146900 3
0.0000262500 2
0.0000154200 2
0.0000530200 1
0.0000219000 2
0.0000053500 231
0.0000287800 1
0.0000843500 1
0.0000918000 1
0.0000178900 1
0.0000088000 32
0.0000133600 3
0.0000047800 38
0.0000375000 2
0.0000226400 1
0.0000797900 1
0.0000967100 1
0.0000039100 117
0.0000347600 1
0.0000630000 2
0.0000483000 2
0.0000034900 175
0.0000386000 2
0.0000050800 56
0.0000922400 1
0.0000394100 1
0.0001084100 2
0.0002017700 1
0.0000032000 804
0.0000080900 22
0.0000074000 37
0.0000140600 7
0.0000604200 1
0.0000340700 2
0.0001124800 1
0.0000449600 2
0.0000188900 2
0.0000268000 8
0.0000098400 9
0.0000297400 1
0.0000357300 1
0.0000306300 2
0.0000313700 3
0.0000028000 301
0.0000435900 1
0.0000257600 3
0.0000070000 12
0.0000084100 30
0.0003035000 1
0.0000094600 12
0.0000136700 1
0.0000278200 4
0.0000589400 1
0.0000653500 1
0.0000117000 6
0.0000019000 567
0.0000084900 11
0.0000848900 2
0.0000118800 8
0.0000013700 3476
0.0000160100 4
0.0000284000 2
0.0000247600 2
0.0000122100 5
0.0000270500 1
0.0000026800 267
0.0008128400 1
0.0000438300 1
0.0000309500 2
0.0000204000 3
0.0000024400 235
0.0000073000 21
0.0000831500 1
0.0000153700 3
0.0000168300 8
0.0000018900 738
0.0001739000 1
0.0000628100 1
0.0000143100 4
0.0000156600 5
0.0000143500 3
0.0000063700 25
0.0003335700 1
0.0000193700 2
0.0000086800 57
0.0000256000 1
0.0000414800 1
0.0000108300 6
0.0000306800 1
0.0000176500 4
0.0000036800 94
0.0000109100 4
0.0000212100 1
0.0001296400 12
0.0000189800 1
0.0000025400 223
0.0000171200 1
0.0000387100 2
0.0002567900 1
0.0000217500 1
0.0000177200 4
0.0000422200 1
0.0000043000 198
0.0000288600 11
0.0000226800 1
0.0000274100 1
0.0000193200 1
0.0000658000 2
0.0000198500 1
0.0000493700 1
0.0000035500 140
0.0000828700 1
0.0000028800 423
0.0000094800 3
0.0004637900 1
0.0000371200 1
0.0000355300 2
0.0000130900 2
0.0000177100 3
0.0000143300 7
0.0000287000 1
0.0000399200 1
0.0000123000 3
0.0000060000 193
0.0000324600 2
0.0000607000 1
0.0000329300 1
0.0000179700 11
0.0000360600 1
0.0000236600 1
0.0000238400 3
0.0000059100 23
0.0000091700 11
0.0000450500 3
0.0000036000 131
0.0000159100 1
0.0000550600 1
0.0000192200 2
0.0000527000 1
0.0000094700 11
0.0000860800 2
0.0000266500 1
0.0000454000 1
0.0000463200 1
0.0000176100 1
0.0000614100 1
0.0000123300 4
0.0000598100 1
0.0000023000 316
0.0008473200 1
0.0001362200 1
0.0000263100 2
0.0000534700 1
0.0000255600 1
0.0000170000 6
0.0000035900 108
0.0000168700 2
0.0000080200 16
0.0000099200 14
0.0000237500 1
0.0000038900 108
0.0025139700 1
0.0000336100 2
0.0000060600 68
0.0000340800 1
0.0000572200 1
0.0002126300 1
0.0000146000 2
0.0000052000 60
0.0000930500 4
0.0000402000 4
0.0000197000 1
0.0000060100 31
0.0000135600 1
0.0000021000 415
0.0000223200 3
0.0000540400 1
0.0000277500 1
0.0000098500 12
0.0000202100 2
0.0000252800 1
0.0000161400 1
0.0000084000 8
0.0000120800 5
0.0000318800 1
0.0000184600 1
0.0002564100 1
0.0000339400 1
0.0000104700 6
0.0000073800 18
0.0000647900 1
0.0001763400 1
0.0000908200 1
0.0000701400 1
0.0000139100 6
0.0000020700 320
0.0000385100 1
0.0000195100 2
0.0000890400 1
0.0001320500 1
0.0000508100 1
0.0000031300 134
0.0000691400 4
0.0000222700 1
0.0000070400 11
0.0000039400 116
0.0000220300 1
0.0000263400 2
0.0000215200 2
0.0000024100 238
0.0001284200 1
0.0000716200 1
0.0000612900 2
0.0000115100 5
0.0000160000 2
0.0000138700 1
0.0000133100 4
0.0000031500 279
0.0000329800 1
0.0000447600 2
0.0000289300 4
0.0000230900 5
0.0001416700 1
0.0000364300 1
0.0000038500 111
0.0000180500 2
0.0001212000 1
0.0000175600 2
0.0000118600 3
0.0000369100 3
0.0000051500 303
0.0000194500 4
0.0000577000 1
0.0000616700 1
0.0000026500 195
0.0000077100 11
0.0000260600 1
0.0008944500 1
0.0057029600 1
0.0000113700 6
0.0000110100 10
0.0000657300 2
0.0000053900 44
0.0003166800 1
0.0000096300 14
0.0000200500 2
0.0000353100 1
0.0000163800 2
0.0000018700 592
0.0000679600 2
0.0001526400 4
0.0000300300 2
0.0000527500 1
0.0000745800 1
0.0000611900 2
0.0000165700 4
0.0000713700 1
0.0000341300 1
0.0000109500 6
0.0000058900 36
0.0000294100 2
0.0000150200 2
0.0000282100 2
0.0000084300 33
0.0000090200 10
0.0007811000 1
0.0000575600 1
0.0000093400 5
0.0000673100 2
0.0000294600 1
0.0000267600 4
0.0000107800 13
0.0000533300 2
0.0000092000 8
0.0000427400 2
0.0000059200 27
0.0000182200 4
0.0000490200 1
0.0000383100 2
0.0000041000 76
0.0000374300 2
0.0000192000 2
0.0000482900 2
0.0000105500 6
0.0000222600 1
0.0000025200 283
0.0000219600 1
0.0000448800 1
0.0002399400 1
0.0000150900 2
0.0000051100 76
0.0000097300 8
0.0000070900 13
0.0000218200 3
0.0000989500 1
0.0000151800 8
0.0000024500 295
0.0000092400 17
0.0000210900 3
0.0000170700 1
0.0000279400 1
0.0000233900 1
0.0000122900 5
0.0000389100 1
0.0000138100 12
0.0000045500 483
0.0000211900 2
0.0000296200 3
0.0000242600 11
0.0001029600 1
0.0000049600 22
0.0000424900 1
0.0000080600 16
0.0000016300 1300
0.0000285700 1
0.0000233800 1
0.0000403400 1
0.0000048600 49
0.0000419600 1
0.0000599000 1
0.0000033200 233
0.0000026000 211
0.0000237800 6
0.0000241300 1
0.0000236300 1
0.0000019300 668
0.0000228100 1
0.0000199100 2
0.0000531000 1
0.0000721200 1
0.0000831000 1
0.0000164200 3
0.0003392100 1
0.0000209700 1
0.0000221200 1
0.0000030100 163
0.0000210600 1
0.0000191100 1
0.0000483500 1
0.0000123900 10
0.0000261400 1
0.0000137100 3
0.0000186300 1
0.0000739400 1
0.0000163300 3
0.0000238000 1
0.0000186100 3
0.0006689400 1
0.0000226000 1
0.0000130700 4
0.0000147000 9
0.0000258800 3
0.0000254600 1
0.0000711500 1
0.0001286800 1
0.0000182900 1
0.0006197200 1
0.0000174000 1
0.0000471400 1
0.0000197300 1
0.0000926100 1
0.0000068500 19
0.0000095400 7
0.0000304800 1
0.0000291400 27
0.0000516300 1
0.0000024900 210
0.0000250400 2
0.0001308200 1
0.0000343700 1
0.0000168500 2
0.0000053200 41
0.0000066200 22
0.0000439200 1
0.0000466900 1
0.0000119700 4
0.0002852100 1
0.0000201900 3
0.0003721300 1
0.0000102500 19
0.0000172000 9
0.0000139000 4
0.0000064500 31
0.0000251200 2
0.0000298400 1
0.0000219100 1
0.0000525100 1
0.0000118400 4
0.0000066400 18
0.0000684500 1
0.0000054900 32
0.0000117400 5
0.0000476300 1
0.0000087300 11
0.0000062900 34
0.0000538900 3
0.0000016800 1196
0.0001084400 1
0.0000238300 8
0.0000503000 1
0.0000244000 3
0.0000405900 1
0.0000866400 1
0.0000489300 1
0.0000503400 1
0.0000043400 116
0.0000254000 1
0.0000623100 2
0.0000192300 3
0.0000120900 5
0.0000181600 12
0.0000739300 1
0.0000042400 369
0.0000272100 1
0.0000083300 41
0.0000510200 2
0.0000048700 67
0.0000117600 4
0.0000740100 1
0.0000684200 2
0.0000371500 1
0.0000232000 4
0.0000222900 2
0.0000402100 1
0.0000328900 1
0.0000022900 721
0.0000237900 1
0.0000376400 1
0.0000027000 165
0.0001175000 1
0.0001875900 1
0.0000944200 1
0.0000031400 198
0.0000189200 2
0.0000073400 18
0.0000393800 4
0.0000690500 1
0.0000208700 5
0.0000729400 1
0.0000080400 29
0.0000499000 1
0.0000313200 3
0.0000285400 2
0.0000185800 1
0.0000642500 2
0.0000377400 1
0.0000119200 8
0.0000219400 3
