6326 1
5354 1
5271 1
5182 1
5097 1
4847 1
4731 1
4620 1
4550 1
4484 1
4220 1
4219 1
4206 1
4187 1
4180 1
4084 1
4015 1
4010 1
3988 1
3956 1
3940 1
3913 1
3908 1
3872 1
3810 1
3728 1
3551 1
3529 1
3416 1
3382 2
3370 1
3341 1
3317 1
3296 1
3249 1
3247 1
3181 1
3154 1
3118 2
3116 1
3112 1
3048 1
3034 1
3022 1
2968 2
2877 1
2862 1
2860 1
2810 1
2769 1
2767 1
2747 1
2746 1
2736 1
2730 1
2710 1
2685 1
2661 1
2646 1
2626 1
2588 1
2569 1
2565 1
2496 1
2427 1
2418 1
2409 1
2336 1
2329 1
2243 1
2236 1
2176 1
2152 1
2137 1
2128 1
2118 1
2097 1
2042 1
2026 1
1973 1
1966 1
1964 1
1955 1
1889 1
1857 1
1856 1
1852 1
1833 1
1792 1
1777 1
1770 1
1748 1
1699 1
1667 1
1588 1
1577 1
1569 1
1558 1
1537 1
1433 1
1374 1
1367 1
1344 1
1336 1
1327 1
1326 1
1316 1
1291 1
1279 1
1273 1
1258 1
1225 1
1197 1
1174 1
1171 1
1168 1
1158 1
1157 1
1144 1
1136 1
1125 1
1117 2
1116 2
1090 1
1086 1
1085 1
1083 1
1072 1
1043 1
999 3
985 1
970 1
957 1
949 1
947 1
942 1
941 1
939 1
937 1
924 1
912 1
911 1
906 1
890 1
881 1
866 1
865 1
855 2
854 1
853 1
828 1
821 1
818 1
816 1
802 1
800 1
795 1
786 1
784 1
777 1
775 1
772 2
771 6
770 1
767 2
766 2
764 1
758 1
749 1
744 1
735 1
732 1
731 1
727 1
726 2
716 2
711 1
704 2
703 1
700 3
698 1
696 1
695 1
690 1
688 1
687 1
679 1
676 1
673 1
667 1
663 1
662 1
661 1
660 1
657 2
656 2
653 1
643 1
642 1
638 2
627 1
626 2
622 1
619 1
618 4
616 1
612 1
611 1
610 1
609 1
608 2
601 2
600 2
599 1
598 1
597 1
596 1
595 2
594 2
591 3
588 1
585 1
582 2
581 2
579 1
578 1
577 1
575 1
574 3
573 2
571 2
565 1
563 1
562 1
560 1
557 1
555 1
553 2
552 1
551 1
546 1
543 1
541 1
540 1
536 1
535 2
534 1
530 2
529 1
526 1
525 1
523 1
517 3
516 1
515 1
514 1
509 2
506 1
505 2
504 1
503 2
502 1
501 3
497 1
495 3
494 2
493 2
489 1
484 1
483 1
481 1
480 4
479 1
478 2
476 5
475 1
473 1
470 1
467 4
466 2
465 9
464 2
463 1
460 2
459 1
457 4
456 1
455 4
454 2
453 4
451 1
449 1
445 1
444 1
443 1
440 1
434 2
432 1
431 2
430 1
429 4
425 1
424 3
421 1
420 1
419 2
418 4
417 2
416 5
415 4
414 1
413 1
412 1
411 2
410 1
409 1
408 2
407 5
406 2
405 7
404 2
403 3
402 1
401 1
400 1
399 1
398 1
397 2
396 2
395 1
393 1
392 1
391 3
390 7
389 1
387 1
386 1
385 2
384 2
383 2
381 2
380 1
379 2
377 5
376 2
375 1
374 2
373 1
372 2
371 2
370 3
368 4
367 2
366 3
365 4
364 2
363 9
362 4
361 1
360 4
359 1
358 2
356 2
355 1
352 4
351 1
350 1
349 1
347 1
346 1
345 1
344 2
343 1
342 2
341 5
340 6
339 3
335 1
334 4
333 3
332 2
330 4
329 3
328 2
327 3
325 2
323 4
322 4
321 1
320 6
318 3
317 3
316 1
315 2
314 5
313 3
311 1
310 2
309 3
307 3
305 8
304 4
303 2
302 5
301 7
300 2
299 6
298 3
297 2
296 3
295 1
294 3
293 3
292 12
291 2
290 5
289 1
288 7
287 3
286 6
285 1
284 4
283 4
282 5
281 5
280 3
279 5
278 4
277 5
276 3
275 4
274 7
273 4
272 7
271 5
270 8
269 2
268 3
267 1
266 5
265 5
264 6
263 4
262 4
261 7
260 7
259 5
258 8
257 6
256 5
255 4
254 4
253 3
252 3
251 7
250 5
249 2
248 6
247 4
246 4
245 4
244 5
243 5
242 10
241 9
240 4
239 2
238 4
237 5
236 3
235 6
234 6
233 4
232 5
230 4
229 6
228 7
227 7
226 10
225 9
224 3
223 3
222 6
221 7
220 14
219 8
218 6
217 12
216 1
215 6
214 7
213 10
212 11
211 15
210 8
209 6
208 16
207 16
206 29
205 10
204 3
203 13
202 11
201 10
200 13
199 7
198 12
197 10
196 6
195 10
194 8
193 23
192 11
191 17
190 6
189 14
188 3
187 10
186 16
185 12
184 12
183 10
182 25
181 9
180 14
179 12
178 8
177 7
176 14
175 11
174 10
173 11
172 10
171 13
170 10
169 7
168 13
167 16
166 16
165 10
164 9
163 10
162 12
161 14
160 24
159 17
158 13
157 24
156 19
155 18
154 19
153 14
152 12
151 17
150 24
149 27
148 23
147 24
146 12
145 23
144 16
143 18
142 32
141 26
140 35
139 33
138 18
137 42
136 33
135 35
134 30
133 36
132 34
131 22
130 31
129 20
128 25
127 58
126 32
125 36
124 31
123 47
122 61
121 31
120 34
119 30
118 30
117 25
116 44
115 32
114 50
113 50
112 32
111 50
110 36
109 60
108 70
107 64
106 84
105 70
104 43
103 75
102 52
101 61
100 69
99 90
98 75
97 72
96 62
95 84
94 108
93 83
92 85
91 115
90 137
89 75
88 84
87 102
86 70
85 109
84 96
83 74
82 132
81 114
80 93
79 97
78 147
77 120
76 150
75 136
74 153
73 128
72 143
71 176
70 163
69 141
68 162
67 137
66 236
65 193
64 218
63 217
62 189
61 210
60 224
59 224
58 264
57 261
56 253
55 294
54 295
53 404
52 344
51 324
50 400
49 369
48 346
47 391
46 467
45 489
44 545
43 560
42 554
41 614
40 572
39 643
38 711
37 782
36 906
35 869
34 866
33 845
32 932
31 1077
30 1137
29 1231
28 1293
27 1446
26 1630
25 1604
24 1885
23 2001
22 2234
21 2859
20 3744
19 4230
18 4858
17 5230
16 5726
15 6207
14 6768
13 7552
12 8739
11 10037
10 11523
9 14154
8 15987
7 19255
6 23752
5 27869
4 36633
3 58863
2 114542
1 286895
