13733 1
8215 1
7613 1
4855 1
2910 1
2235 1
2015 1
1889 1
1413 1
1354 1
1307 1
1289 1
1279 1
1238 1
1189 1
1140 1
949 1
898 1
872 1
838 1
825 1
809 1
801 1
792 1
791 1
788 1
781 1
779 1
765 1
749 1
739 1
728 1
721 1
708 1
707 2
702 1
695 1
685 1
681 1
670 1
667 1
662 1
660 1
654 1
642 1
641 1
639 2
637 1
632 1
625 1
623 1
622 1
617 1
616 1
611 1
608 1
602 1
599 1
591 1
589 1
587 1
586 1
585 2
577 1
572 1
562 1
555 1
544 2
543 1
541 1
539 1
534 1
525 2
522 2
519 1
516 1
514 1
512 1
511 1
506 1
501 1
499 1
497 1
496 1
494 2
489 1
488 1
487 1
484 1
483 1
481 1
478 1
473 1
472 1
468 1
467 1
466 1
461 1
460 2
458 2
457 1
455 2
454 2
453 2
451 1
450 1
449 2
446 3
445 1
443 2
442 1
441 1
440 2
439 2
438 1
437 1
434 4
430 4
428 1
427 1
426 2
425 1
424 1
423 4
422 3
421 2
419 1
418 1
417 1
416 1
415 2
414 5
413 1
412 6
411 3
409 2
407 2
405 2
404 1
403 2
401 1
399 2
398 3
397 1
396 2
395 6
393 2
392 1
390 3
389 4
388 4
387 1
386 1
385 1
384 2
382 3
381 3
380 1
379 2
378 1
377 3
376 3
375 1
374 2
373 2
372 1
370 4
369 4
368 2
367 3
366 3
365 4
364 4
363 2
361 3
360 3
359 2
358 3
357 3
356 8
355 2
354 1
353 6
352 1
351 5
350 3
349 7
348 5
347 5
346 9
345 7
344 10
343 4
342 1
341 4
340 7
339 2
338 4
337 5
336 3
335 8
334 7
333 3
332 4
331 7
330 2
329 3
328 9
327 2
326 6
325 5
324 11
323 3
322 3
321 4
320 6
319 6
318 5
317 7
316 4
315 2
314 4
313 14
312 13
311 3
310 7
309 10
308 10
307 9
306 4
305 8
304 5
303 7
302 9
301 6
300 14
299 13
298 8
297 9
296 11
295 7
294 12
293 13
292 10
291 15
290 14
289 13
288 14
287 17
286 8
285 10
284 14
283 11
282 14
281 12
280 11
279 11
278 16
277 12
276 12
275 16
274 16
273 22
272 10
271 15
270 16
269 15
268 25
267 12
266 17
265 16
264 20
263 16
262 17
261 19
260 29
259 16
258 20
257 19
256 18
255 17
254 25
253 15
252 21
251 24
250 27
249 24
248 20
247 24
246 21
245 17
244 27
243 28
242 32
241 28
240 28
239 29
238 37
237 34
236 30
235 40
234 33
233 25
232 45
231 39
230 51
229 45
228 34
227 34
226 47
225 40
224 51
223 51
222 46
221 44
220 43
219 38
218 55
217 36
216 53
215 52
214 44
213 47
212 51
211 44
210 74
209 60
208 62
207 63
206 69
205 63
204 57
203 72
202 74
201 73
200 66
199 88
198 65
197 85
196 74
195 92
194 96
193 89
192 107
191 69
190 72
189 108
188 102
187 92
186 114
185 94
184 115
183 108
182 104
181 90
180 106
179 139
178 151
177 146
176 129
175 133
174 164
173 143
172 149
171 152
170 146
169 163
168 151
167 159
166 170
165 173
164 194
163 176
162 197
161 190
160 207
159 214
158 217
157 188
156 214
155 221
154 226
153 241
152 231
151 279
150 239
149 245
148 258
147 286
146 298
145 321
144 312
143 317
142 340
141 322
140 341
139 330
138 375
137 349
136 385
135 404
134 389
133 444
132 413
131 460
130 461
129 452
128 472
127 493
126 486
125 526
124 525
123 497
122 544
121 594
120 587
119 568
118 559
117 672
116 678
115 636
114 639
113 710
112 748
111 752
110 747
109 805
108 794
107 810
106 891
105 911
104 925
103 999
102 1045
101 981
100 1083
99 1069
98 1129
97 1167
96 1248
95 1187
94 1187
93 1278
92 1327
91 1354
90 1375
89 1494
88 1521
87 1520
86 1632
85 1577
84 1606
83 1728
82 1750
81 1849
80 1874
79 1962
78 2050
77 1995
76 2167
75 2223
74 2301
73 2326
72 2405
71 2543
70 2633
69 2641
68 2774
67 2797
66 3010
65 3111
64 3276
63 3199
62 3444
61 3497
60 3594
59 3679
58 3819
57 3959
56 4132
55 4257
54 4539
53 4686
52 4749
51 4960
50 5162
49 5446
48 5589
47 5778
46 6034
45 6135
44 6592
43 6797
42 6972
41 7248
40 7728
39 7946
38 8224
37 8635
36 8986
35 9414
34 9749
33 10080
32 10923
31 11174
30 11525
29 12162
28 12641
27 13490
26 13925
25 14819
24 15375
23 16284
22 17209
21 18171
20 18842
19 20070
18 21582
17 22862
16 23810
15 25577
14 26974
13 29010
12 31110
11 33888
10 36825
9 39937
8 44230
7 49174
6 56744
5 65203
4 78058
3 97093
2 132176
1 205341
