4256 1
3137 1
2602 1
1970 1
1599 1
1592 1
1491 1
963 1
956 1
907 1
871 1
836 1
828 1
812 1
798 1
787 1
785 1
716 1
698 1
692 1
664 1
663 1
639 1
625 1
618 1
609 1
607 1
576 1
572 1
548 1
543 1
538 1
521 1
503 1
501 1
499 3
494 1
492 1
491 1
481 1
465 1
458 2
446 1
428 1
422 1
417 1
404 1
401 1
400 1
399 1
378 1
377 1
375 1
364 1
355 1
350 2
345 1
337 1
331 1
330 2
328 1
323 1
314 1
311 1
310 1
308 1
307 1
305 1
302 2
301 1
299 1
293 1
289 1
287 1
285 2
284 1
281 1
280 2
279 3
278 2
276 1
275 1
271 1
270 1
265 1
264 2
263 1
262 1
261 2
259 1
256 1
255 1
252 1
251 2
250 1
249 1
247 2
246 2
244 1
243 1
241 1
240 1
239 1
235 1
234 2
233 1
232 2
231 2
229 5
228 2
227 1
225 4
224 1
222 2
221 1
220 1
219 2
218 2
216 3
214 3
213 1
210 1
209 1
208 2
207 1
205 4
203 3
202 3
200 4
199 4
198 2
197 3
196 4
195 2
194 3
193 4
192 2
191 1
190 1
189 4
187 3
186 5
185 3
184 1
183 1
182 2
181 4
180 1
179 4
178 4
177 2
176 3
175 5
174 4
173 2
172 2
171 2
170 3
169 3
168 6
167 3
166 2
165 2
163 4
162 3
161 3
160 3
159 2
158 3
157 5
156 3
155 1
154 4
153 5
152 3
151 3
150 4
149 4
148 2
147 2
146 6
144 8
143 1
142 2
141 1
140 3
139 5
138 6
137 8
136 4
135 6
134 7
133 6
132 8
131 9
130 9
129 12
128 8
127 7
126 12
125 8
124 16
123 3
122 7
121 8
120 15
119 7
118 14
117 10
116 8
115 4
114 12
113 14
112 12
111 6
110 20
109 13
108 18
107 9
106 8
105 10
104 16
103 13
102 21
101 18
100 12
99 20
98 18
97 12
96 28
95 23
94 25
93 24
92 23
91 26
90 26
89 25
88 18
87 25
86 22
85 26
84 27
83 25
82 35
81 39
80 39
79 33
78 35
77 32
76 50
75 35
74 43
73 43
72 40
71 41
70 52
69 48
68 48
67 65
66 64
65 65
64 80
63 69
62 79
61 85
60 80
59 71
58 81
57 91
56 115
55 95
54 102
53 100
52 106
51 116
50 127
49 144
48 137
47 136
46 182
45 174
44 161
43 207
42 202
41 207
40 259
39 251
38 257
37 306
36 279
35 336
34 380
33 401
32 401
31 452
30 420
29 514
28 541
27 589
26 667
25 724
24 831
23 846
22 924
21 1021
20 1269
19 1385
18 1562
17 1762
16 2043
15 2238
14 2683
13 3152
12 3710
11 4520
10 5437
9 6827
8 9035
7 11958
6 16767
5 24656
4 40169
3 73735
2 170321
1 735610
