3311 1
2014 1
1759 1
1720 1
1652 1
1584 1
1578 1
1466 1
1460 1
1421 1
1400 1
1384 1
1372 1
1366 1
1349 1
1284 1
1256 1
1249 1
1214 1
1213 1
1212 1
1209 1
1197 1
1196 1
1172 1
1171 1
1153 1
1146 1
1125 1
1104 1
1080 1
1076 1
1060 1
1058 1
1051 1
1041 1
1040 1
1033 1
1015 1
1011 1
993 1
992 1
985 1
981 1
979 1
970 1
966 1
964 1
962 1
955 1
952 1
944 1
942 1
940 1
937 1
936 1
935 1
932 1
930 1
914 2
913 1
911 1
905 3
902 1
890 2
886 1
880 1
877 1
869 1
864 1
863 1
862 1
860 1
854 2
853 1
848 1
846 1
845 1
842 1
841 1
840 2
834 2
832 1
827 1
825 1
819 1
815 2
795 1
792 2
791 2
789 1
788 1
787 2
786 1
780 1
777 2
776 1
772 1
771 1
769 1
768 1
767 1
764 2
761 1
760 2
757 1
752 2
751 1
750 1
748 1
747 1
746 1
745 1
742 2
736 2
733 1
728 1
725 1
723 1
722 1
721 1
718 1
717 2
713 1
710 1
707 1
706 1
704 1
703 1
702 1
699 2
693 1
692 2
683 1
678 1
676 1
672 3
670 1
668 1
666 1
664 1
662 1
659 1
658 1
654 1
653 1
652 1
649 1
648 1
647 1
644 1
641 1
638 1
637 1
636 3
633 1
632 1
627 1
626 1
625 1
617 1
615 1
611 1
610 1
609 2
603 1
602 1
600 3
599 1
598 1
597 3
595 1
592 2
590 1
589 3
586 1
585 1
584 1
582 2
581 1
578 2
575 1
567 1
563 2
562 3
558 1
557 3
555 1
553 2
549 1
547 2
545 2
544 2
543 2
542 2
541 1
540 2
539 5
538 4
537 1
533 2
532 1
530 2
528 2
527 1
526 2
524 2
523 2
521 1
518 1
516 1
515 1
514 1
513 1
512 1
511 2
510 1
507 3
506 4
503 1
500 1
499 3
497 1
496 1
495 1
493 1
492 2
491 1
490 1
489 1
488 1
486 3
485 1
484 1
483 1
481 1
479 2
478 3
477 3
475 2
474 2
473 2
472 1
471 1
470 1
469 2
468 4
465 4
462 1
461 3
460 4
459 1
458 2
457 2
456 3
455 3
453 2
452 1
450 1
449 2
448 2
446 3
445 1
444 1
443 3
442 4
441 2
440 1
439 2
438 2
437 2
434 2
432 1
431 1
430 2
429 1
428 3
427 2
426 3
425 2
424 2
423 2
422 2
421 4
420 4
419 1
418 2
417 2
416 2
415 2
414 3
413 4
412 1
411 4
410 3
409 4
408 2
406 1
405 4
404 1
403 3
402 2
401 2
400 3
399 4
398 1
397 5
396 4
395 2
394 2
393 1
391 1
390 4
389 4
388 2
387 3
386 2
385 2
384 2
383 5
382 2
380 4
378 1
377 1
376 1
375 1
374 3
373 7
372 4
371 3
370 1
368 1
367 1
366 3
365 3
363 2
361 2
360 6
359 5
358 3
357 7
356 4
355 5
354 4
353 3
352 2
351 2
350 1
349 3
348 4
347 1
346 3
345 2
344 2
343 3
342 2
341 2
340 3
339 5
338 2
337 2
336 1
335 2
334 2
333 2
332 4
331 2
330 1
328 2
327 1
326 4
325 3
324 3
323 5
322 9
321 1
320 1
319 2
318 2
317 5
316 2
315 2
314 4
313 5
312 3
311 6
310 4
309 6
308 5
307 5
306 4
305 2
304 2
303 6
302 5
301 4
300 6
299 5
298 3
297 3
296 3
295 5
294 4
293 2
291 5
290 1
289 3
288 2
287 5
286 1
285 6
284 5
283 4
282 11
281 6
280 2
279 1
278 3
277 7
276 7
275 5
274 8
273 5
272 4
271 7
270 3
269 6
268 5
267 4
266 8
265 6
264 3
263 6
262 3
261 4
260 3
259 3
258 4
257 5
256 6
255 3
254 8
253 7
252 3
251 9
250 6
249 4
248 3
247 3
246 5
245 2
244 6
243 6
242 6
241 3
240 3
239 8
238 6
237 5
236 5
235 8
234 4
233 3
232 5
231 2
230 3
229 3
228 10
227 6
226 6
225 5
224 11
223 12
222 3
221 9
220 7
219 3
218 6
217 6
216 5
215 5
214 12
213 6
212 11
211 8
210 15
209 8
208 11
207 3
206 7
205 10
204 10
203 6
202 11
201 11
200 6
199 5
197 6
196 5
195 1
194 11
193 11
192 7
191 7
190 5
189 11
188 8
187 12
186 11
185 12
184 9
183 9
182 11
181 12
180 10
179 7
178 9
177 7
176 6
175 9
174 9
173 7
172 9
171 9
170 10
169 14
168 11
167 8
166 7
165 13
164 6
163 8
162 7
161 7
160 10
159 10
158 9
157 10
156 10
155 17
154 15
153 18
152 15
151 12
150 7
149 16
148 19
147 17
146 13
145 17
144 18
143 9
142 17
141 9
140 14
139 13
138 19
137 14
136 14
135 9
134 15
133 14
132 14
131 18
130 13
129 16
128 20
127 23
126 20
125 17
124 15
123 16
122 18
121 22
120 16
119 16
118 17
117 20
116 17
115 25
114 18
113 31
112 22
111 17
110 15
109 28
108 28
107 21
106 29
105 20
104 30
103 23
102 30
101 28
100 26
99 28
98 36
97 30
96 28
95 37
94 39
93 28
92 41
91 29
90 41
89 36
88 38
87 37
86 43
85 39
84 44
83 49
82 63
81 50
80 52
79 51
78 42
77 59
76 58
75 62
74 54
73 53
72 56
71 62
70 68
69 69
68 76
67 71
66 56
65 79
64 88
63 67
62 87
61 83
60 108
59 92
58 109
57 97
56 107
55 110
54 111
53 111
52 141
51 130
50 141
49 165
48 142
47 144
46 170
45 163
44 216
43 191
42 228
41 223
40 253
39 279
38 310
37 307
36 356
35 369
34 382
33 412
32 466
31 519
30 507
29 580
28 594
27 667
26 716
25 811
24 884
23 918
22 1003
21 1071
20 1141
19 1321
18 1440
17 1537
16 1755
15 1920
14 2207
13 2535
12 2907
11 3429
10 4181
9 5402
8 6883
7 9406
6 14221
5 23917
4 47131
3 110301
2 344828
1 1763701
