456 1
372 2
330 1
277 1
268 1
265 1
258 1
257 1
256 1
253 1
248 1
247 1
245 1
244 1
231 1
229 1
225 1
216 1
213 1
210 1
206 2
203 1
200 1
194 1
193 1
191 2
190 1
189 1
184 1
183 1
179 2
178 1
177 2
176 1
175 1
173 2
171 1
170 1
169 1
163 1
162 1
160 1
157 1
153 1
152 1
149 2
147 1
145 2
144 1
143 2
142 1
141 2
140 1
139 2
138 1
137 1
136 1
135 2
133 1
132 2
130 2
128 3
127 1
126 2
125 2
123 1
122 3
121 3
120 2
119 2
118 3
117 1
116 2
115 4
114 6
113 4
112 5
111 5
110 6
109 2
108 6
107 5
106 3
105 4
104 3
103 9
102 4
101 5
100 7
99 6
98 4
97 4
96 5
95 7
94 3
93 5
92 7
91 5
90 7
89 5
88 6
87 4
86 9
85 9
84 4
83 8
82 11
81 8
80 7
79 8
78 15
77 11
76 11
75 13
74 13
73 12
72 21
71 24
70 24
69 32
68 15
67 18
66 24
65 19
64 16
63 22
62 17
61 34
60 22
59 38
58 40
57 28
56 32
55 45
54 50
53 47
52 43
51 39
50 59
49 94
48 63
47 66
46 77
45 78
44 75
43 94
42 132
41 115
40 114
39 135
38 151
37 164
36 183
35 190
34 218
33 265
32 295
31 319
30 394
29 458
28 562
27 674
26 824
25 943
24 1207
23 1645
22 2272
21 3424
20 8305
19 11256
18 11281
17 11778
16 13070
15 15130
14 17018
13 19156
12 22549
11 25656
10 29096
9 32666
8 37187
7 38491
6 40993
5 46771
4 53560
3 65976
2 95253
1 127937
