100022 1
31892 1
22668 1
19430 1
18836 1
18264 1
17905 1
16442 1
15434 1
14448 1
13536 1
13367 1
13365 1
13005 1
12861 1
12694 1
12215 1
11911 1
11168 1
10854 1
10504 1
10344 1
10240 1
9771 1
9631 1
9612 1
9365 1
9339 1
8861 1
8775 1
8623 1
8419 1
8289 1
8042 1
7992 1
7951 1
7860 1
7638 1
7619 1
7617 1
7328 1
7274 1
7171 1
7056 1
7017 1
6944 1
6861 1
6836 1
6784 1
6752 2
6704 1
6647 1
6551 1
6447 1
6358 1
6353 1
6338 1
6314 1
6255 1
6244 1
6206 1
6192 1
6174 1
6141 1
6140 1
6138 1
6113 1
6020 1
6014 1
6013 1
5893 1
5758 1
5696 1
5582 1
5563 1
5536 1
5457 1
5425 1
5399 1
5383 1
5289 1
5268 1
5236 1
5204 1
5114 1
5088 2
5080 1
5068 1
5018 1
5017 1
5000 1
4985 1
4945 1
4912 1
4907 1
4865 1
4863 1
4849 1
4847 1
4845 1
4841 1
4823 1
4813 1
4795 1
4790 1
4774 1
4758 1
4737 1
4727 1
4709 1
4692 1
4687 1
4626 1
4585 1
4572 2
4524 1
4448 1
4428 1
4425 1
4318 1
4276 1
4257 1
4205 1
4174 1
4169 1
4168 1
4166 1
4118 1
4095 1
4076 1
4067 1
4031 1
4027 1
4026 1
4016 1
4001 1
3991 1
3970 1
3961 1
3919 1
3915 1
3875 1
3867 1
3856 1
3850 2
3847 1
3845 1
3843 1
3831 1
3815 1
3786 1
3772 1
3759 1
3755 1
3725 1
3712 1
3708 1
3701 1
3688 1
3669 1
3654 1
3618 1
3610 1
3604 3
3599 1
3576 1
3550 1
3549 1
3542 1
3537 1
3520 1
3500 1
3480 1
3475 1
3473 1
3453 1
3446 1
3429 1
3418 1
3417 1
3405 1
3401 1
3355 1
3343 1
3329 1
3284 1
3273 1
3271 1
3255 1
3235 1
3205 1
3203 1
3194 1
3193 1
3188 1
3185 1
3171 1
3162 1
3155 1
3137 1
3136 1
3131 1
3121 1
3118 1
3108 1
3106 1
3098 1
3092 1
3090 1
3074 1
3065 1
3056 1
3054 1
3052 1
3051 1
3050 1
3046 1
3044 1
3030 1
3028 1
3012 2
2973 1
2969 1
2967 1
2963 1
2962 1
2954 1
2950 1
2943 1
2939 1
2931 1
2921 1
2906 2
2901 1
2891 1
2876 1
2873 1
2852 1
2851 1
2827 1
2816 1
2792 1
2791 1
2769 1
2750 1
2744 1
2740 1
2737 1
2733 1
2731 1
2729 1
2726 2
2725 1
2724 1
2723 2
2718 1
2711 1
2705 1
2704 2
2697 1
2692 1
2674 1
2673 1
2662 1
2656 1
2648 1
2646 2
2645 1
2642 1
2637 1
2632 1
2605 1
2594 2
2589 2
2586 1
2584 1
2583 1
2577 1
2574 1
2567 1
2557 2
2549 1
2544 1
2535 1
2531 1
2517 1
2505 1
2504 1
2499 1
2496 2
2494 1
2491 1
2490 1
2480 1
2478 2
2476 1
2467 1
2466 1
2464 1
2463 1
2462 1
2455 1
2454 1
2453 1
2452 1
2430 1
2425 1
2424 1
2421 1
2414 1
2413 1
2405 1
2401 1
2394 1
2383 1
2379 1
2377 1
2356 1
2352 1
2345 1
2342 2
2341 1
2331 2
2325 1
2324 2
2314 1
2312 2
2311 1
2309 1
2308 1
2305 1
2304 1
2296 1
2289 1
2288 1
2284 1
2277 2
2273 1
2269 1
2268 1
2262 1
2258 1
2256 1
2242 1
2240 1
2237 1
2234 1
2228 1
2209 1
2201 1
2198 1
2196 1
2189 1
2186 1
2184 1
2183 1
2172 1
2170 1
2167 1
2165 1
2161 1
2160 1
2159 1
2154 1
2149 1
2142 2
2139 1
2136 2
2133 1
2130 2
2126 1
2122 1
2117 1
2116 1
2114 1
2110 1
2109 1
2108 1
2102 2
2101 2
2100 1
2099 1
2098 1
2091 1
2083 1
2080 1
2076 1
2073 1
2071 1
2062 1
2060 1
2056 1
2044 1
2043 1
2042 1
2040 2
2039 1
2032 1
2020 1
2017 1
2014 1
2012 2
2008 1
2003 1
2000 1
1999 1
1998 1
1991 1
1982 3
1980 1
1978 1
1977 1
1976 2
1974 1
1972 1
1955 1
1954 1
1951 1
1949 1
1946 1
1943 1
1938 1
1935 1
1934 1
1928 1
1923 1
1922 1
1918 1
1914 1
1913 2
1908 1
1899 1
1898 1
1895 1
1889 1
1887 1
1874 1
1872 1
1870 1
1864 1
1861 1
1858 2
1857 1
1855 1
1852 2
1851 2
1850 1
1849 1
1848 1
1847 1
1841 1
1836 1
1835 1
1834 1
1831 1
1828 1
1826 2
1824 1
1819 1
1816 1
1814 1
1813 2
1811 1
1810 1
1805 1
1804 1
1802 2
1801 1
1797 1
1796 1
1792 1
1791 1
1788 1
1787 1
1785 1
1783 1
1769 2
1768 1
1766 1
1763 2
1761 2
1759 1
1757 3
1756 1
1754 1
1753 1
1751 1
1750 1
1747 2
1741 1
1740 1
1737 1
1733 1
1731 1
1726 1
1721 1
1720 1
1717 4
1713 1
1712 1
1711 1
1708 2
1706 1
1705 1
1698 1
1686 1
1684 1
1681 1
1680 1
1671 1
1668 1
1664 2
1663 2
1662 1
1658 1
1653 2
1651 1
1650 1
1649 1
1645 1
1642 2
1637 1
1636 1
1634 1
1629 1
1625 1
1622 1
1618 1
1613 3
1612 1
1610 1
1608 2
1604 2
1603 1
1602 1
1599 1
1595 1
1593 1
1591 1
1587 1
1585 1
1583 1
1582 1
1580 1
1578 1
1576 1
1574 1
1572 1
1570 2
1568 1
1563 1
1562 1
1560 2
1556 1
1554 1
1550 1
1549 1
1546 1
1544 1
1542 1
1541 1
1540 1
1539 1
1534 2
1532 1
1531 2
1530 1
1529 2
1527 2
1526 1
1525 2
1521 1
1520 1
1519 1
1517 2
1516 1
1513 1
1512 1
1511 1
1510 1
1509 1
1508 1
1507 1
1504 2
1499 2
1498 2
1497 1
1495 2
1490 1
1488 1
1483 1
1482 1
1479 1
1478 1
1476 1
1475 1
1473 2
1470 2
1468 1
1467 2
1466 1
1465 1
1461 1
1458 1
1457 2
1455 1
1454 1
1453 1
1452 1
1447 1
1446 1
1444 1
1443 1
1441 1
1440 1
1438 2
1435 1
1433 3
1430 1
1428 1
1425 1
1424 2
1418 2
1412 2
1409 1
1406 2
1405 1
1404 1
1403 1
1402 1
1401 1
1397 3
1396 1
1395 1
1394 1
1392 1
1391 1
1389 2
1388 1
1385 1
1383 1
1381 2
1380 1
1377 1
1373 1
1370 3
1366 1
1362 1
1361 1
1360 1
1358 1
1356 2
1355 2
1354 1
1353 1
1352 1
1350 4
1349 1
1346 2
1345 1
1343 2
1342 1
1340 1
1337 3
1334 1
1329 2
1328 1
1327 1
1326 1
1322 1
1319 1
1318 2
1312 1
1311 2
1304 1
1303 1
1302 3
1301 2
1300 1
1297 1
1296 1
1295 1
1291 3
1289 1
1288 1
1287 1
1285 2
1278 2
1277 3
1273 1
1272 1
1270 1
1269 1
1267 1
1265 2
1263 1
1262 1
1260 1
1253 2
1251 1
1250 2
1249 2
1248 1
1244 1
1243 1
1241 1
1240 1
1236 1
1235 2
1234 1
1231 1
1230 4
1229 1
1228 1
1227 1
1225 2
1223 1
1220 1
1218 3
1215 3
1213 1
1210 2
1209 2
1208 1
1206 1
1203 1
1202 3
1201 1
1199 2
1197 1
1196 2
1194 1
1193 1
1192 1
1191 1
1190 1
1185 1
1184 1
1183 3
1182 1
1181 2
1179 1
1176 2
1175 1
1174 2
1173 1
1172 2
1167 2
1165 1
1162 1
1160 1
1159 2
1158 2
1157 2
1155 1
1150 2
1147 2
1146 1
1145 2
1143 1
1142 1
1132 1
1131 2
1130 2
1128 2
1127 2
1122 2
1121 1
1120 1
1118 1
1117 1
1115 1
1113 1
1112 1
1108 2
1105 2
1103 1
1098 1
1096 1
1091 1
1090 1
1089 1
1087 1
1086 4
1084 1
1081 2
1080 1
1078 1
1077 2
1076 1
1072 1
1071 1
1067 2
1066 1
1065 1
1063 3
1062 3
1060 2
1058 1
1057 2
1056 2
1055 1
1054 2
1053 1
1051 1
1049 1
1045 1
1044 1
1043 3
1042 2
1041 3
1037 2
1036 2
1034 1
1033 1
1031 3
1030 1
1028 1
1027 1
1025 4
1024 2
1023 3
1022 1
1021 1
1020 1
1019 1
1017 1
1016 1
1014 1
1013 1
1012 1
1011 2
1009 1
1007 1
1006 1
1005 1
1004 2
1003 2
1002 1
1000 4
999 3
998 1
996 4
995 1
994 1
993 4
990 3
988 1
985 1
984 2
982 2
980 1
979 1
978 1
977 1
976 1
974 2
973 1
972 2
971 1
969 1
967 2
966 1
965 1
963 1
961 2
958 1
953 1
952 1
950 1
949 1
946 3
945 1
944 3
943 1
940 1
938 1
936 2
934 3
932 1
930 1
929 1
928 1
926 2
925 1
924 2
923 1
922 2
920 1
917 2
914 2
912 2
911 2
910 1
908 1
907 3
906 2
905 1
904 2
903 1
902 3
901 2
899 2
898 1
895 3
893 2
890 1
889 1
888 2
887 1
886 2
884 2
883 1
881 1
880 3
878 1
877 1
876 1
875 2
873 3
871 2
870 1
869 4
868 1
867 1
866 6
865 2
864 1
863 1
862 1
861 1
859 2
857 3
856 1
855 2
854 2
853 1
852 2
851 4
850 1
849 2
848 4
847 2
845 3
844 2
841 4
840 2
839 2
838 3
837 3
836 1
835 2
834 2
833 3
832 1
829 1
826 4
825 2
824 1
823 2
822 5
820 1
819 3
818 1
815 4
813 2
810 2
809 5
808 2
807 4
806 4
805 1
804 2
803 1
802 1
801 4
800 1
799 2
798 1
797 1
796 1
795 3
794 3
793 1
792 2
791 1
790 1
789 2
788 2
787 3
786 1
785 3
784 1
782 5
781 3
780 1
779 2
778 1
777 3
776 6
775 3
774 5
773 2
771 2
770 2
767 3
766 3
765 3
764 2
763 5
762 3
761 6
760 1
759 1
757 2
756 1
755 2
754 2
753 2
752 3
751 1
750 1
749 1
748 3
747 3
746 5
745 4
744 1
743 2
742 2
741 1
740 2
739 2
738 3
737 1
736 1
735 2
734 1
732 1
731 2
730 1
729 4
727 1
726 1
724 3
723 5
722 1
721 1
720 3
719 1
718 2
717 2
716 2
715 4
714 1
713 2
711 3
710 1
709 1
708 1
707 1
706 3
705 1
703 1
702 2
701 1
700 1
699 2
698 1
697 3
696 1
695 2
694 1
693 1
692 3
690 1
689 2
688 1
687 1
686 1
685 3
683 1
682 1
681 2
680 2
679 1
678 1
677 3
676 5
675 2
673 1
672 1
671 2
669 1
668 2
667 1
666 1
665 1
664 5
663 5
662 2
661 2
660 5
659 4
658 1
657 4
656 3
655 4
654 2
653 3
652 2
651 3
650 1
649 1
648 2
647 2
645 3
644 3
643 4
642 3
641 4
640 4
639 1
638 2
637 3
635 4
634 2
633 1
632 3
631 3
630 4
629 5
628 5
627 1
626 4
625 1
624 5
623 2
622 3
621 1
619 1
618 3
617 5
616 4
615 5
614 4
613 2
612 2
611 1
610 2
609 1
608 5
607 3
606 2
605 1
604 2
603 3
602 1
601 5
599 2
598 1
597 4
596 3
594 3
593 2
592 3
591 3
589 3
588 3
587 3
586 2
585 1
584 4
583 6
582 3
581 3
580 3
579 4
578 1
576 2
575 3
574 2
573 2
572 1
570 3
569 3
568 4
567 4
566 1
565 5
564 3
563 2
562 1
561 4
560 2
559 1
558 2
557 4
556 3
555 4
554 4
553 7
552 2
550 4
549 2
548 2
547 6
546 3
545 4
544 1
543 5
541 4
540 1
539 2
538 6
537 4
535 3
534 5
533 6
532 2
531 4
530 4
529 1
527 2
526 5
525 2
524 3
523 3
522 1
521 3
520 2
519 4
518 1
516 1
515 4
514 1
513 3
512 1
511 2
510 5
509 2
508 3
507 3
506 4
505 4
504 3
503 6
502 3
501 1
500 5
499 3
498 2
497 3
496 4
495 2
494 3
493 5
492 6
491 3
490 3
489 1
488 5
487 6
486 4
485 2
484 5
483 1
482 5
481 4
480 2
479 2
478 3
477 1
476 4
475 1
474 3
473 4
472 4
471 3
470 5
469 7
468 1
467 2
466 1
465 7
464 2
463 5
462 1
461 2
460 2
459 2
458 4
457 4
456 3
455 8
454 3
453 2
452 6
451 1
450 1
449 4
448 3
447 1
446 1
445 1
444 3
443 5
442 6
441 4
440 7
439 4
438 4
437 3
436 5
435 10
434 6
433 3
432 2
431 5
430 7
429 7
428 4
427 3
426 6
425 5
424 2
423 1
422 7
421 3
420 1
419 5
418 4
417 5
416 3
415 5
414 4
413 4
412 8
411 3
410 5
409 4
408 6
407 1
406 2
405 3
404 5
403 8
402 3
401 4
400 3
399 10
398 7
397 5
396 6
395 5
394 3
392 3
391 3
390 6
389 3
388 3
387 1
386 4
385 5
384 6
383 4
382 4
381 3
380 4
379 8
378 8
377 1
376 4
375 10
374 10
373 6
372 7
371 3
370 9
369 3
368 6
367 5
366 7
365 9
364 4
363 4
362 4
361 5
360 7
359 6
358 7
357 8
356 8
355 5
354 4
353 7
352 2
351 4
350 4
348 6
347 2
346 5
345 7
344 6
343 7
342 8
341 6
340 4
339 8
338 6
337 8
336 6
335 5
334 2
333 4
332 3
331 8
330 5
329 3
328 6
327 6
326 7
325 5
324 6
323 3
322 2
321 8
320 4
319 9
318 9
317 6
316 8
315 7
314 10
313 9
312 3
311 7
310 3
309 6
308 5
307 8
306 5
305 9
304 6
303 7
302 5
301 5
300 5
299 9
298 5
297 9
296 6
295 7
294 7
293 4
292 10
291 10
290 5
289 7
288 9
287 8
286 13
285 5
284 5
283 8
282 11
281 8
280 7
279 8
278 6
277 6
276 3
275 9
274 6
273 9
272 11
271 9
270 3
269 9
268 10
267 9
266 8
265 7
264 6
263 5
262 8
261 14
260 8
259 14
258 5
257 14
256 8
255 7
254 9
253 11
252 14
251 7
250 5
249 8
248 8
247 9
246 4
245 4
244 12
243 12
242 6
241 9
240 11
239 9
238 9
237 9
236 11
235 10
234 6
233 14
232 12
231 11
230 11
229 3
228 8
227 9
226 11
225 9
224 6
223 7
222 14
221 12
220 10
219 7
218 17
217 9
216 7
215 10
214 17
213 10
212 13
211 16
210 14
209 14
208 11
207 14
206 9
205 16
204 19
203 9
202 16
201 5
200 7
199 15
198 15
197 16
196 13
195 14
194 16
193 19
192 10
191 22
190 10
189 11
188 13
187 19
186 14
185 11
184 17
183 14
182 21
181 11
180 20
179 14
178 21
177 20
176 14
175 17
174 21
173 10
172 11
171 13
170 6
169 21
168 14
167 20
166 14
165 19
164 20
163 25
162 17
161 17
160 14
159 16
158 24
157 17
156 19
155 20
154 17
153 16
152 23
151 23
150 18
149 28
148 26
147 17
146 23
145 18
144 20
143 33
142 29
141 21
140 25
139 21
138 20
137 33
136 24
135 24
134 27
133 26
132 30
131 36
130 20
129 30
128 29
127 37
126 30
125 29
124 28
123 19
122 28
121 22
120 24
119 36
118 26
117 25
116 33
115 35
114 23
113 36
112 32
111 30
110 39
109 37
108 32
107 32
106 20
105 32
104 28
103 31
102 40
101 40
100 36
99 45
98 43
97 29
96 46
95 40
94 46
93 36
92 55
91 48
90 32
89 39
88 45
87 40
86 53
85 48
84 49
83 47
82 53
81 40
80 59
79 37
78 54
77 59
76 65
75 42
74 54
73 65
72 49
71 68
70 56
69 57
68 64
67 71
66 59
65 72
64 59
63 84
62 78
61 66
60 74
59 61
58 88
57 65
56 94
55 79
54 84
53 91
52 100
51 88
50 92
49 101
48 89
47 111
46 105
45 135
44 122
43 140
42 116
41 108
40 131
39 173
38 157
37 165
36 179
35 147
34 182
33 168
32 189
31 176
30 228
29 205
28 227
27 263
26 274
25 292
24 293
23 285
22 344
21 364
20 347
19 394
18 436
17 505
16 503
15 611
14 645
13 750
12 816
11 1008
10 1116
9 1375
8 1589
7 2002
6 2635
5 3541
4 5283
3 9211
2 20246
1 80110
