0.000003615 3
0.000005324 2
0.000002151 3
0.000002746 1
0.000018033 1
0.000003548 2
0.000013695 1
0.000000542 345
0.000006625 2
0.000000597 137
0.000022077 1
0.000002369 3
0.000014339 2
0.000001774 3
0.000002752 2
0.000003315 1
0.000002507 3
0.000011787 1
0.000000976 26
0.000012744 1
0.000001707 9
0.000010933 1
0.000000619 125
0.000002487 4
0.000013053 1
0.000008559 2
0.000011277 1
0.000000853 47
0.000001150 14
0.000002398 2
0.000002831 1
0.000000759 68
0.000011854 1
0.000000774 82
0.000002233 2
0.000100066 1
0.000003598 1
0.000002684 4
0.000004237 1
0.000016125 1
0.000001085 22
0.000003425 6
0.000001905 5
0.000037896 1
0.000023468 1
0.000009531 1
0.000001353 11
0.000002953 1
0.000023105 1
0.000003934 2
0.000005427 1
0.000001261 27
0.000002135 4
0.000000866 38
0.000005004 1
0.000001873 4
0.000004387 1
0.000004439 3
0.000005276 1
0.000007706 1
0.000011149 1
0.000011168 2
0.000011566 2
0.000003938 1
0.000005925 1
0.000003852 1
0.000003004 3
0.000003551 1
0.000002587 3
0.000002283 3
0.000002931 5
0.000004714 1
0.000005547 1
0.000017362 1
0.000001177 5
0.000001011 25
0.000002109 3
0.000003065 4
0.000008883 1
0.000005480 1
0.000007586 1
0.000001313 6
0.000013772 1
0.000002546 1
0.000001589 2
0.000003160 1
0.000004681 3
0.000000670 60
0.000003779 1
0.000007570 1
0.000006757 1
0.000004916 2
0.000019157 1
0.000004867 1
0.000010233 1
0.000001622 5
0.000004494 2
0.000002606 2
0.000005375 1
0.000005366 1
0.000003521 3
0.000004456 2
0.000001090 21
0.000003467 1
0.000001482 4
0.000001153 11
0.000043935 1
0.000008197 1
0.000002792 2
0.000002127 6
0.000010736 1
0.000015111 1
0.000003631 1
0.000008812 1
0.000001904 5
0.000006965 1
0.000002062 4
0.000002774 1
0.000005327 1
0.000003992 1
0.000000605 117
0.000020391 1
0.000011718 1
0.000012657 1
0.000001876 1
0.000005577 1
0.000000692 52
0.000007620 1
0.000005972 1
0.000005625 1
0.000003075 2
0.000015105 1
0.000001811 4
0.000003250 1
0.000002763 3
0.000025327 1
0.000004092 2
0.000003769 1
0.000001485 8
0.000001214 9
0.000002284 1
0.000007971 2
0.000003737 2
0.000004085 1
0.000001152 11
0.000004126 1
0.000001237 11
0.000000700 50
0.000005155 2
0.000004824 1
0.000001829 7
0.000002465 4
0.000004154 1
0.000002280 4
0.000003023 3
0.000002265 3
0.000000412 7049
0.000001129 17
0.000008830 1
0.000004797 1
0.000003644 2
0.000002296 1
0.000003915 1
0.000002981 1
0.000004720 2
0.000003385 1
0.000000699 43
0.000035087 1
0.000008875 2
0.000006881 1
0.000002936 1
0.000000787 76
0.000000684 51
0.000002914 3
0.000071157 1
0.000000867 41
0.000000447 1273
0.000003300 1
0.000003239 3
0.000032649 1
0.000001057 24
0.000002509 3
0.000001366 10
0.000001749 3
0.000007274 1
0.000003416 1
0.000002022 3
0.000010357 1
0.000003707 1
0.000002051 5
0.000010694 1
0.000008246 1
0.000001646 9
0.000002142 3
0.000002926 1
0.000004655 1
0.000002577 2
0.000038032 1
0.000006080 1
0.000022613 1
0.000045648 1
0.000001168 11
0.000004788 2
0.000001675 6
0.000004227 2
0.000002407 4
0.000001246 22
0.000000551 325
0.000030929 1
0.000003430 1
0.000000682 55
0.000000611 122
0.000016565 1
0.000014021 1
0.000003743 1
0.000010552 1
0.000001668 3
0.000007651 1
0.000001994 5
0.000004813 1
0.000003307 1
0.000037036 1
0.000037598 1
0.000011978 2
0.000032815 1
0.000009643 1
0.000003317 1
0.000003068 1
0.000011683 1
0.000009149 1
0.000009514 1
0.000002162 4
0.000000737 128
0.000001599 11
0.000020220 1
0.000031108 1
0.000003210 2
0.000003874 1
0.000011899 2
0.000002572 1
0.000005222 1
0.000005182 1
0.000000519 294
0.000010700 1
0.000000929 36
0.000016568 1
0.000000793 46
0.000006483 1
0.000003170 2
0.000001132 20
0.000000748 103
0.000030119 1
0.000004036 1
0.000002023 2
0.000004618 1
0.000017656 1
0.000005345 2
0.000018917 1
0.000038030 1
0.000002418 1
0.000000499 478
0.000001512 3
0.000034154 1
0.000004110 1
0.000002553 3
0.000001489 7
0.000008245 2
0.000000650 77
0.000000723 213
0.000005950 1
0.000004343 1
0.000000957 22
0.000017114 1
0.000002415 4
0.000004848 1
0.000005337 1
0.000009323 1
0.000002278 3
0.000004961 1
0.000003541 2
0.000003820 1
0.000001064 15
0.000001180 12
0.000001798 6
0.000008671 1
0.000000557 297
0.000026024 1
0.000009976 1
0.000010590 1
0.000001253 20
0.000001156 11
0.000012142 1
0.000000573 208
0.000003720 3
0.000001342 9
0.000003013 2
0.000002722 3
0.000009140 1
0.000013577 1
0.000003811 2
0.000006327 1
0.000004067 2
0.000026954 1
0.000001140 21
0.000000556 303
0.000001265 16
0.000001194 14
0.000008224 1
0.000011001 1
0.000006575 2
0.000003215 4
0.000002204 1
0.000009217 1
0.000009561 1
0.000002675 2
0.000008681 1
0.000001842 3
0.000000795 60
0.000010202 1
0.000004973 1
0.000017583 1
0.000011452 1
0.000008219 1
0.000003169 2
0.000005166 1
0.000002500 2
0.000001978 3
0.000007094 1
0.000008473 1
0.000012466 1
0.000031922 1
0.000000592 127
0.000001088 20
0.000004799 2
0.000012065 1
0.000002659 1
0.000006996 1
0.000006944 1
0.000003325 2
0.000006337 1
0.000003578 1
0.000004527 3
0.000000991 28
0.000002338 6
0.000001861 6
0.000006509 1
0.000015674 1
0.000002161 1
0.000027158 1
0.000003230 2
0.000002107 4
0.000013508 1
0.000008323 1
0.000005580 1
0.000002476 1
0.000006266 2
0.000002120 2
0.000003545 3
0.000001037 24
0.000003950 2
0.000010152 1
0.000004845 1
0.000010637 1
0.000002864 3
0.000044968 1
0.000002247 4
0.000000856 36
0.000004760 1
0.000007796 1
0.000022345 1
0.000007117 1
0.000059249 1
0.000000416 5141
0.000000873 30
0.000009297 1
0.000023984 1
0.000012633 1
0.000003846 1
0.000003951 1
0.000001562 9
0.000007303 1
0.000000667 70
0.000001380 12
0.000037172 1
0.000000918 35
0.000002630 1
0.000004130 2
0.000001781 3
0.000000788 52
0.000005485 1
0.000002002 1
0.000003192 1
0.000004566 1
0.000024095 1
0.000002619 1
0.000001465 9
0.000003610 1
0.000000603 117
0.000001639 8
0.000001047 31
0.000001374 8
0.000003400 2
0.000005586 1
0.000016445 1
0.000005442 1
0.000002751 2
0.000004093 1
0.000051873 1
0.000009579 1
0.000004233 1
0.000030779 1
0.000001725 3
0.000002647 2
0.000002597 3
0.000007508 1
0.000001017 20
0.000001397 12
0.000011717 1
0.000007606 1
0.000035130 1
0.000010710 1
0.000002834 4
0.000002439 1
0.000016831 1
0.000003982 2
0.000011102 1
0.000010803 1
0.000002429 3
0.000003889 1
0.000019116 1
0.000005067 1
0.000010352 1
0.000002872 3
0.000001198 14
0.000000456 942
0.000003154 1
0.000001809 6
0.000010231 1
0.000030660 1
0.000005762 3
0.000000717 199
0.000004445 1
0.000001506 6
0.000002740 3
0.000001376 6
0.000016123 1
0.000004491 1
0.000008658 1
0.000001220 13
0.000008503 1
0.000004284 2
0.000002717 4
0.000005132 1
0.000028767 1
0.000001807 5
0.000008840 1
0.000002412 1
0.000009565 1
0.000002286 2
0.000001999 6
0.000004039 1
0.000002823 1
0.000003361 1
0.000007639 1
0.000007917 1
0.000001927 3
0.000002604 1
0.000002031 2
0.000004127 1
0.000008313 1
0.000011272 1
0.000006086 1
0.000002462 1
0.000004478 1
0.000001960 4
0.000001268 21
0.000002935 1
0.000001938 4
0.000000871 35
0.000002626 2
0.000003338 1
0.000004195 1
0.000005095 1
0.000006524 1
0.000001728 7
0.000008229 1
0.000000547 334
0.000002984 1
0.000003863 2
0.000011495 1
0.000014237 1
0.000002918 1
0.000001012 27
0.000004789 1
0.000182902 1
0.000009608 1
0.000002893 2
0.000001790 2
0.000005406 1
0.000002786 2
0.000006872 1
0.000008731 1
0.000004616 1
0.000002292 6
0.000006733 1
0.000011000 1
0.000002239 1
0.000023463 1
0.000003240 1
0.000004221 1
0.000006864 1
0.000002735 1
0.000011946 1
0.000001644 4
0.000000903 35
0.000004814 1
0.000003853 1
0.000002064 3
0.000001251 40
0.000005153 1
0.000008790 2
0.000001050 20
0.000007529 1
0.000011838 1
0.000005756 1
0.000001346 9
0.000000826 47
0.000003841 1
0.000001203 11
0.000003838 1
0.000002093 5
0.000001598 2
0.000000387 90395
0.000009362 1
0.000006942 1
0.000001315 16
0.000003106 2
0.000001298 14
0.000003661 1
0.000003319 1
0.000045249 1
0.000002317 2
0.000011341 1
0.000001650 7
0.000003751 1
0.000001688 6
0.000002175 1
0.000006453 2
0.000012066 1
0.000006200 1
0.000009747 1
0.000006245 1
0.000007222 1
0.000007518 1
0.000000442 1446
0.000018929 1
0.000006985 1
0.000004414 1
0.000020117 1
0.000001039 18
0.000012591 1
0.000003028 1
0.000001830 6
0.000001755 4
0.000004759 2
0.000003465 1
0.000002030 5
0.000001302 8
0.000012720 1
0.000001169 13
0.000003717 2
0.000002569 4
0.000000721 203
0.000006420 1
0.000005190 1
0.000002190 1
0.000002019 2
0.000002891 2
0.000002420 2
0.000008003 1
0.000009132 1
0.000008847 1
0.000001555 5
0.000045821 1
0.000000883 46
0.000004640 1
0.000012379 1
0.000003464 2
0.000073520 1
0.000003222 1
0.000004922 1
0.000000437 1753
0.000024985 1
0.000015753 1
0.000007926 1
0.000009749 1
0.000013225 1
0.000003932 1
0.000006496 1
0.000003413 2
0.000002609 1
0.000003959 1
0.000008572 1
0.000006973 1
0.000002563 1
0.000001924 3
0.000007093 1
0.000002277 2
0.000000962 28
0.000003719 1
0.000006115 1
0.000002099 2
0.000015931 1
0.000002991 2
0.000000430 2567
0.000016302 1
0.000000838 38
0.000001418 9
0.000002581 1
0.000028517 1
0.000023714 1
0.000013233 1
0.000000690 84
0.000000860 35
0.000005306 1
0.000007103 1
0.000001831 4
0.000004189 2
0.000012858 1
0.000001528 8
0.000002679 2
0.000009475 2
0.000007151 1
0.000005247 1
0.000003386 4
0.000016770 1
0.000009379 1
0.000030538 1
0.000012921 1
0.000000933 24
0.000004192 1
0.000003498 2
0.000000923 23
0.000011340 1
0.000003034 1
0.000008592 1
0.000000595 151
0.000002826 1
0.000006668 1
0.000001404 10
0.000001083 23
0.000006868 1
0.000001384 11
0.000001092 18
0.000001058 26
0.000002625 2
0.000003612 2
0.000003162 2
0.000000677 69
0.000004013 1
0.000000675 78
0.000001146 20
0.000000622 105
0.000026826 1
0.000027353 1
0.000001121 13
0.000012712 1
0.000000779 67
0.000002709 4
0.000027675 1
0.000004837 1
0.000007460 1
0.000002309 4
0.000002066 2
0.000005072 2
0.000004004 1
0.000003261 1
0.000002091 3
0.000005083 2
0.000028159 1
0.000011898 1
0.000004897 3
0.000003669 1
0.000010248 1
0.000000944 36
0.000007912 1
0.000002025 4
0.000010452 1
0.000002942 1
0.000002967 2
0.000004177 1
0.000006896 1
0.000001711 5
0.000017039 1
0.000003648 2
0.000003537 1
0.000008815 1
0.000002417 2
0.000002321 1
0.000006555 3
0.000016918 1
0.000003440 1
0.000007510 1
0.000021035 1
0.000018589 1
0.000018534 1
0.000004171 1
0.000002963 2
0.000000588 171
0.000007631 1
0.000004639 3
0.000001882 4
0.000001634 4
0.000000419 5081
0.000005085 1
0.000001341 17
0.000002126 2
0.000002506 3
0.000004622 1
0.000044471 1
0.000001694 8
0.000001124 17
0.000002393 1
0.000003508 1
0.000010218 1
0.000002198 2
0.000000949 22
0.000001258 18
0.000005714 1
0.000001001 28
0.000009373 2
0.000025585 1
0.000005076 1
0.000003453 2
0.000012594 3
0.000002943 2
0.000001466 6
0.000000678 75
0.000003972 1
0.000000559 242
0.000000575 187
0.000003825 3
0.000007163 1
0.000001712 7
0.000004323 1
0.000023554 1
0.000003896 2
0.000005210 1
0.000002877 1
0.000009102 1
0.000012222 1
0.000000696 58
0.000002539 2
0.000001648 6
0.000003218 1
0.000005017 1
0.000023939 1
0.000013461 1
0.000007954 1
0.000001187 16
0.000009424 1
0.000001561 4
0.000000734 139
0.000015130 1
0.000007837 1
0.000002399 2
0.000016975 1
0.000000900 17
0.000003048 2
0.000028769 1
0.000002192 3
0.000006852 1
0.000002884 2
0.000003146 4
0.000010402 1
0.000006133 1
0.000000536 230
0.000005146 1
0.000002605 3
0.000006853 1
0.000001951 4
0.000001481 9
0.000006258 1
0.000008710 1
0.000004054 1
0.000006261 1
0.000001362 12
0.000000914 34
0.000007871 1
0.000029675 1
0.000002174 2
0.000002463 1
0.000005996 1
0.000036600 1
0.000001692 6
0.000006549 3
0.000003447 2
0.000024194 1
0.000003133 1
0.000001626 6
0.000016205 1
0.000001413 14
0.000001522 9
0.000007670 2
0.000006306 1
0.000003565 3
0.000001429 8
0.000002269 4
0.000001295 19
0.000004843 1
0.000012985 1
0.000022681 1
0.000000467 761
0.000001543 7
0.000001212 11
0.000017682 1
0.000003439 1
0.000001821 4
0.000005008 1
0.000031786 1
0.000014637 1
0.000000623 125
0.000002123 2
0.000003420 2
0.000002157 3
0.000001667 2
0.000005633 1
0.000005698 1
0.000000523 265
0.000001477 7
0.000005666 1
0.000000582 156
0.000001993 2
0.000016104 1
0.000002145 1
0.000011071 1
0.000002860 3
0.000002492 4
0.000001480 5
0.000000657 76
0.000004308 1
0.000002279 5
0.000002133 2
0.000005257 2
0.000040481 1
0.000008404 1
0.000002822 2
0.000000974 47
0.000010070 1
0.000003245 1
0.000000620 111
0.000009083 1
0.000008112 1
0.000001554 9
0.000024858 1
0.000018065 1
0.000001331 10
0.000000460 953
0.000002731 1
0.000008061 1
0.000006090 1
0.000015975 1
0.000002973 1
0.000032710 1
0.000014062 2
0.000002390 4
0.000001369 10
0.000015701 1
0.000009729 1
0.000002817 4
0.000001740 7
0.000004957 1
0.000003141 1
0.000000777 62
0.000001912 6
0.000000894 42
0.000010560 2
0.000002488 2
0.000002422 2
0.000001301 5
0.000003965 3
0.000000503 446
0.000000695 60
0.000004238 1
0.000014659 2
0.000001516 7
0.000026157 1
0.000006730 2
0.000001162 12
0.000001551 8
0.000009227 1
0.000006017 1
0.000002844 1
0.000008548 2
0.000006097 1
0.000009996 2
0.000007398 1
0.000005754 1
0.000006437 1
0.000001077 17
0.000001166 19
0.000000847 39
0.000002649 1
0.000004546 1
0.000002310 5
0.000001135 9
0.000008284 1
0.000005079 1
0.000001775 7
0.000001923 2
0.000002816 5
0.000028825 1
0.000001358 15
0.000003837 1
0.000024284 1
0.000008199 1
0.000001606 3
0.000000641 94
0.000004388 2
0.000003281 2
0.000002466 2
0.000001192 11
0.000018934 1
0.000009990 1
0.000008846 1
0.000000626 102
0.000001306 11
0.000010548 1
0.000014162 1
0.000003733 2
0.000001357 9
0.000001072 25
0.000001998 2
0.000011034 1
0.000012426 2
0.000001863 3
0.000012424 1
0.000001071 23
0.000015076 1
0.000029544 1
0.000001593 6
0.000007428 1
0.000000880 40
0.000002095 4
0.000052184 1
0.000014043 1
0.000002380 1
0.000003651 1
0.000000478 607
0.000004150 1
0.000008225 2
0.000002043 4
0.000000898 35
0.000001799 2
0.000004275 2
0.000010278 1
0.000000606 127
0.000000912 33
0.000007487 1
0.000005038 1
0.000005638 2
0.000037429 1
0.000009164 1
0.000008088 1
0.000030532 1
0.000001424 4
0.000001700 3
0.000003007 1
0.000006390 1
0.000006849 2
0.000001894 6
0.000002073 1
0.000010979 1
0.000000848 34
0.000000937 34
0.000000500 468
0.000003189 2
0.000031649 1
0.000003580 2
0.000000671 73
0.000025601 1
0.000004574 1
0.000001834 4
0.000001479 5
0.000024586 1
0.000007842 1
0.000001568 6
0.000004069 2
0.000006869 1
0.000009394 1
0.000005830 1
0.000002216 2
0.000001276 13
0.000016128 1
0.000004771 1
0.000000459 1057
0.000026918 1
0.000000902 32
0.000012799 1
0.000010967 1
0.000001979 3
0.000002305 4
0.000011422 1
0.000002281 3
0.000024739 1
0.000010834 1
0.000006383 1
0.000001886 3
0.000011564 1
0.000004010 1
0.000000814 45
0.000001367 9
0.000005851 2
0.000044670 1
0.000002667 3
0.000014203 1
0.000006140 1
0.000002397 4
0.000002275 1
0.000012771 1
0.000004159 2
0.000001658 7
0.000002421 4
0.000011573 1
0.000004053 3
0.000005294 1
0.000004766 2
0.000003015 3
0.000009678 1
0.000017453 1
0.000000945 23
0.000007892 1
0.000007211 1
0.000039953 1
0.000013620 1
0.000002701 6
0.000004480 1
0.000008403 1
0.000007567 1
0.000010297 1
0.000001633 4
0.000001510 7
0.000001670 9
0.000001995 1
0.000000501 433
0.000002824 2
0.000003406 1
0.000005395 1
0.000007885 1
0.000001891 3
0.000000850 31
0.000015101 1
0.000012329 1
0.000002005 4
0.000024332 1
0.000003466 1
0.000001224 11
0.000003356 4
0.000005280 2
0.000002997 1
0.000008214 1
0.000015382 1
0.000004378 1
0.000001937 4
0.000002716 2
0.000004744 1
0.000007233 1
0.000001567 9
0.000005799 1
0.000006448 1
0.000003104 2
0.000002295 3
0.000008558 1
0.000000846 42
0.000025827 1
0.000002957 1
0.000006101 2
0.000002511 6
0.000002384 2
0.000000733 133
0.000004253 1
0.000003566 1
0.000003113 2
0.000002580 1
0.000002797 2
0.000005742 1
0.000002894 2
0.000011547 1
0.000005841 1
0.000015005 1
0.000005308 1
0.000001685 6
0.000010796 1
0.000001699 3
0.000009780 1
0.000003712 1
0.000002870 3
0.000020830 1
0.000001660 5
0.000007642 1
0.000004999 2
0.000002425 2
0.000001840 2
0.000003136 1
0.000061647 1
0.000000993 21
0.000002738 4
0.000007079 1
0.000004040 3
0.000010322 1
0.000001249 19
0.000002320 2
0.000018972 1
0.000007207 1
0.000001478 7
0.000002588 5
0.000001393 10
0.000031457 1
0.000001344 13
0.000011207 1
0.000002116 3
0.000039960 1
0.000001415 5
0.000002670 1
0.000001095 14
0.000002411 1
0.000004730 1
0.000008041 1
0.000002987 1
0.000000994 39
0.000012634 1
0.000001791 4
0.000066004 1
0.000009813 1
0.000002333 3
0.000008077 1
0.000003942 1
0.000000625 90
0.000006778 1
0.000000614 121
0.000005034 1
0.000001552 7
0.000006113 1
0.000000449 1223
0.000023797 1
0.000000422 3605
0.000001962 4
0.000001174 7
0.000002180 2
0.000004749 1
0.000001460 8
0.000002013 3
0.000001041 13
0.000008561 1
0.000000987 22
0.000002085 2
0.000001959 5
0.000000491 555
0.000007086 1
0.000006873 2
0.000002972 1
0.000003089 2
0.000001985 1
0.000003163 2
0.000000694 62
0.000018770 1
0.000006504 1
0.000011599 1
0.000003112 1
0.000003242 2
0.000003522 2
0.000004668 1
0.000003678 3
0.000004077 1
0.000002193 2
0.000000731 131
0.000000959 24
0.000001392 11
0.000001805 5
0.000001098 20
0.000004767 2
0.000013348 1
0.000002294 1
0.000013060 1
0.000004447 1
0.000001916 5
0.000000602 125
0.000006875 1
0.000003137 2
0.000015829 1
0.000001254 16
0.000017349 1
0.000003326 2
0.000004996 1
0.000003423 2
0.000002811 1
0.000000859 47
0.000001235 16
0.000002172 3
0.000006530 3
0.000011720 1
0.000005288 2
0.000002315 5
0.000001401 10
0.000001575 10
0.000000872 34
0.000004331 2
0.000002364 4
0.000008282 2
0.000002358 3
0.000004467 2
0.000011197 1
0.000003945 1
0.000008317 1
0.000002289 3
0.000004564 1
0.000002110 2
0.000000665 56
0.000008738 1
0.000000411 6316
0.000009310 1
0.000003597 1
0.000022003 1
0.000006819 1
0.000005527 1
0.000118197 1
0.000002845 1
0.000000418 4547
0.000003102 1
0.000004091 2
0.000003660 1
0.000002641 2
0.000003088 1
0.000001443 7
0.000002521 7
0.000000638 77
0.000003747 2
0.000003251 2
0.000019507 1
0.000002263 2
0.000005680 1
0.000003702 1
0.000002585 1
0.000001363 10
0.000003542 1
0.000002632 3
0.000001294 16
0.000009985 1
0.000024590 1
0.000006003 1
0.000003445 1
0.000001016 15
0.000026359 1
0.000001350 8
0.000001732 2
0.000004454 1
0.000060028 1
0.000000786 57
0.000007952 1
0.000001624 2
0.000010475 1
0.000001149 19
0.000011501 1
0.000000905 28
0.000012673 1
0.000001600 6
0.000000797 60
0.000004080 3
0.000003173 1
0.000005891 1
0.000000729 170
0.000002514 2
0.000001337 11
0.000009845 1
0.000001636 6
0.000002260 3
0.000001283 15
0.000015056 1
0.000001171 12
0.000004836 2
0.000000745 96
0.000002045 3
0.000002001 2
0.000017033 1
0.000001338 10
0.000014882 1
0.000001469 7
0.000000587 145
0.000000380 207904
0.000004690 1
0.000003078 2
0.000001084 19
0.000002533 2
0.000002616 1
0.000001045 19
0.000007522 1
0.000011334 1
0.000001490 11
0.000001880 5
0.000007027 1
0.000003657 1
0.000001042 22
0.000011089 1
0.000004236 1
0.000000851 41
0.000008340 1
0.000003394 1
0.000021228 1
0.000023710 1
0.000001901 6
0.000004953 1
0.000007291 1
0.000013505 1
0.000002570 3
0.000001669 5
0.000028274 1
0.000017264 1
0.000010596 1
0.000001107 17
0.000016642 1
0.000003663 1
0.000007647 2
0.000000446 1400
0.000001814 5
0.000003862 1
0.000000428 2614
0.000003875 1
0.000053082 1
0.000072790 1
0.000001280 16
0.000003735 1
0.000025635 1
0.000003064 1
0.000007405 1
0.000006621 1
0.000001116 19
0.000002691 1
0.000001018 25
0.000022821 1
0.000020645 1
0.000001957 2
0.000033929 1
0.000001345 8
0.000001635 9
0.000005185 1
0.000001438 11
0.000001662 8
0.000000876 29
0.000013147 1
0.000001854 6
0.000002635 2
0.000021700 1
0.000002360 3
0.000003409 2
0.000006147 1
0.000008759 1
0.000001030 27
0.000001616 6
0.000001881 2
0.000000956 22
0.000044725 1
0.000001303 12
0.000001031 16
0.000002000 2
0.000001108 14
0.000005657 1
0.000001542 6
0.000006371 1
0.000002808 2
0.000037718 1
0.000003962 2
0.000002312 3
0.000000803 43
0.000004157 2
0.000000561 249
0.000001729 8
0.000001495 5
0.000001496 6
0.000001756 3
0.000022999 1
0.000004982 1
0.000000393 48833
0.000003775 2
0.000017107 1
0.000007525 2
0.000007297 2
0.000002944 1
0.000002965 3
0.000024247 1
0.000003711 1
0.000002532 2
0.000002131 4
0.000010268 1
0.000013353 1
0.000007225 1
0.000000399 19607
0.000003788 1
0.000002268 2
0.000004190 2
0.000001776 6
0.000004114 1
0.000059421 1
0.000010289 1
0.000002222 1
0.000035016 1
0.000002288 6
0.000005519 1
0.000003171 3
0.000003437 1
0.000004174 2
0.000002640 1
0.000003211 1
0.000001735 2
0.000004301 1
0.000000798 61
0.000003679 3
0.000001491 10
0.000035288 1
0.000010822 1
0.000002148 3
0.000002777 2
0.000002018 2
0.000000963 30
0.000000410 8633
0.000027556 1
0.000004765 1
0.000003783 2
0.000004606 1
0.000001279 13
0.000002392 1
0.000011391 1
0.000004515 1
0.000005071 2
0.000003563 2
0.000000636 85
0.000036056 1
0.000002934 1
0.000003906 1
0.000013151 1
0.000007731 1
0.000003436 1
0.000025271 1
0.000001161 21
0.000004886 1
0.000005354 1
0.000001715 7
0.000010706 1
0.000001355 10
0.000001383 9
0.000002354 1
0.000004475 1
0.000008927 1
0.000024065 1
0.000001501 8
0.000000676 53
0.000003869 1
0.000005869 1
0.000004032 2
0.000004073 1
0.000001430 10
0.000005937 2
0.000002887 2
0.000004419 2
0.000010047 1
0.000006806 1
0.000002933 2
0.000003456 1
0.000008058 1
0.000022442 1
0.000003050 1
0.000048180 1
0.000000464 872
0.000003585 1
0.000005136 1
0.000002211 2
0.000003740 1
0.000010354 1
0.000000646 91
0.000001940 7
0.000002011 2
0.000003151 3
0.000022484 1
0.000004028 1
0.000000869 35
0.000004101 3
0.000005448 1
0.000001410 8
0.000021058 2
0.000001848 3
0.000004018 1
0.000002706 2
0.000008506 1
0.000002648 1
0.000002565 3
0.000002371 4
0.000002853 1
0.000002899 1
0.000002852 3
0.000006321 1
0.000006116 1
0.000009450 1
0.000004254 3
0.000000425 3124
0.000003224 2
0.000025152 1
0.000002663 2
0.000020706 1
0.000017247 1
0.000006652 1
0.000001919 3
0.000001266 22
0.000002480 1
0.000000802 55
0.000003765 1
0.000001204 12
0.000005662 1
0.000001572 6
0.000004429 4
0.000005030 1
0.000003402 2
0.000003132 1
0.000008308 1
0.000003387 1
0.000001288 12
0.000004443 2
0.000000785 71
0.000007520 1
0.000017172 1
0.000002217 3
0.000002556 4
0.000002097 5
0.000000704 232
0.000004382 1
0.000000950 17
0.000018844 1
0.000010222 1
0.000001556 7
0.000029739 1
0.000006067 1
0.000001709 3
0.000002141 6
0.000004122 2
0.000006916 1
0.000009329 1
0.000002249 4
0.000000458 913
0.000006253 1
0.000002376 1
0.000032567 1
0.000005630 2
0.000011574 1
0.000010476 1
0.000006865 1
0.000014133 1
0.000004685 1
0.000004608 1
0.000001262 22
0.000007743 1
0.000003750 2
0.000000553 312
0.000008244 1
0.000005961 1
0.000007157 1
0.000013799 1
0.000003246 1
0.000011950 1
0.000001452 8
0.000002089 2
0.000004625 1
0.000005379 1
0.000003271 2
0.000002244 7
0.000014620 1
0.000001462 3
0.000000454 1093
0.000013504 1
0.000005888 1
0.000004035 1
0.000000757 101
0.000005482 1
0.000003005 1
0.000003620 2
0.000005209 3
0.000004975 1
0.000002718 2
0.000088467 1
0.000026517 1
0.000003357 1
0.000006316 1
0.000017347 1
0.000020459 1
0.000002437 1
0.000007205 1
0.000001157 18
0.000003976 1
0.000018378 1
0.000001801 5
0.000004310 1
0.000006317 1
0.000000492 548
0.000000754 80
0.000001813 4
0.000007047 1
0.000023711 1
0.000001690 3
0.000002366 5
0.000020233 1
0.000004496 1
0.000002461 3
0.000026381 1
0.000049406 1
0.000007114 1
0.000003427 1
0.000004914 1
0.000031806 1
0.000005488 1
0.000001518 8
0.000002911 2
0.000004930 2
0.000001717 5
0.000005438 1
0.000021523 1
0.000001757 3
0.000002725 1
0.000010186 1
0.000004563 3
0.000001867 3
0.000000653 77
0.000002727 1
0.000004410 2
0.000003111 1
0.000007948 1
0.000003323 3
0.000000577 198
0.000005248 2
0.000003520 1
0.000004657 3
0.000003393 2
0.000030719 1
0.000000628 109
0.000015578 1
0.000005767 1
0.000003460 1
0.000006596 1
0.000001513 6
0.000004595 1
0.000002798 3
0.000000925 25
0.000001467 4
0.000001803 1
0.000000703 2483
0.000016056 1
0.000003749 3
0.000000420 3888
0.000003925 1
0.000001259 20
0.000001400 9
0.000001048 14
0.000009495 1
0.000020132 1
0.000001906 3
0.000006128 1
0.000003815 2
0.000005404 1
0.000005813 1
0.000001263 24
0.000012096 1
0.000001061 23
0.000005078 1
0.000002720 3
0.000022149 1
0.000002010 5
0.000007215 1
0.000000480 506
0.000005319 1
0.000001617 1
0.000006197 2
0.000008298 1
0.000001576 8
0.000010792 1
0.000005957 1
0.000002767 1
0.000009807 1
0.000035518 1
0.000003156 1
0.000003052 2
0.000000658 79
0.000009798 1
0.000005107 1
0.000015037 1
0.000004822 1
0.000005855 1
0.000001913 5
0.000000895 37
0.000001488 4
0.000001274 18
0.000092593 1
0.000014533 1
0.000004050 2
0.000001364 7
0.000012886 1
0.000001609 4
0.000010064 1
0.000002917 1
0.000092393 1
0.000017743 1
0.000017289 1
0.000002427 2
0.000008370 1
0.000002055 1
0.000001028 17
0.000002020 3
0.000003573 1
0.000001414 8
0.000002134 3
0.000015532 1
0.000001257 25
0.000005118 1
0.000006647 1
0.000001284 15
0.000002531 3
0.000001989 3
0.000001386 10
0.000006479 1
0.000025655 1
0.000001205 11
0.000016264 1
0.000005265 2
0.000002047 3
0.000004856 1
0.000004631 1
0.000078213 1
0.000003936 1
0.000003699 1
0.000002657 3
0.000001544 2
0.000005608 1
0.000001719 6
0.000002983 4
0.000001195 15
0.000000475 611
0.000000540 791
0.000001440 15
0.000007101 1
0.000005000 1
0.000002582 1
0.000003238 1
0.000001459 4
0.000003806 2
0.000000632 110
0.000005445 1
0.000003144 2
0.000009381 1
0.000015939 1
0.000000617 102
0.000013787 1
0.000026769 1
0.000007978 2
0.000016409 1
0.000004698 2
0.000002049 1
0.000003293 1
0.000001334 9
0.000005191 1
0.000003781 1
0.000000807 46
0.000002512 5
0.000097147 1
0.000004499 2
0.000006100 2
0.000002235 3
0.000003407 1
0.000000769 81
0.000001435 8
0.000002975 2
0.000001596 6
0.000000809 53
0.000005827 1
0.000005612 1
0.000003152 1
0.000000844 35
0.000037778 1
0.000010641 1
0.000007491 1
0.000006784 1
0.000002357 1
0.000006828 1
0.000005859 1
0.000003641 1
0.000001312 9
0.000010457 1
0.000006432 1
0.000002613 1
0.000002396 3
0.000001060 19
0.000006859 1
0.000002182 2
0.000002365 4
0.000016071 1
0.000001347 12
0.000011244 2
0.000000396 23209
0.000005334 1
0.000006344 2
0.000008809 3
0.000002293 1
0.000004638 1
0.000001351 13
0.000001221 12
0.000003786 1
0.000003032 1
0.000002152 3
0.000008414 1
0.000008249 1
0.000002125 6
0.000001504 8
0.000006906 1
0.000011965 1
0.000003592 1
0.000004503 1
0.000018013 1
0.000004758 1
0.000002634 1
0.000000477 569
0.000005575 1
0.000001040 17
0.000001271 15
0.000003451 2
0.000005131 1
0.000001320 15
0.000007335 1
0.000000833 47
0.000004212 1
0.000010598 1
0.000001387 6
0.000000398 21628
0.000004266 2
0.000003376 1
0.000008742 1
0.000001385 8
0.000014166 1
0.000002524 4
0.000000521 308
0.000001871 3
0.000001509 11
0.000010133 2
0.000001922 5
0.000002050 4
0.000043895 1
0.000000554 305
0.000003330 1
0.000006365 1
0.000000705 315
0.000022462 1
0.000027856 1
0.000006457 1
0.000001208 12
0.000005637 1
0.000010392 1
0.000002879 4
0.000015696 1
0.000001676 6
0.000001361 4
0.000019596 1
0.000002160 2
0.000001877 6
0.000003767 1
0.000001691 4
0.000007054 2
0.000000775 68
0.000001375 6
0.000001216 12
0.000007465 1
0.000001327 15
0.000007255 1
0.000000531 242
0.000001743 1
0.000007574 1
0.000001006 27
0.000008120 1
0.000008550 2
0.000008228 1
0.000003265 3
0.000014503 1
0.000005461 1
0.000005603 2
0.000001382 10
0.000002986 1
0.000001908 5
0.000006328 2
0.000002215 1
0.000001103 12
0.000002255 3
0.000005613 1
0.000001247 19
0.000005023 1
0.000003845 2
0.000001234 10
0.000001502 6
0.000001991 4
0.000003617 1
0.000002541 1
0.000004963 1
0.000002766 3
0.000002637 3
0.000003686 1
0.000012144 1
0.000000969 25
0.000000506 385
0.000009934 1
0.000005656 1
0.000023890 1
0.000086204 1
0.000003184 2
0.000003518 1
0.000001390 11
0.000001323 16
0.000028964 1
0.000050563 1
0.000004821 1
0.000001244 11
0.000000865 37
0.000001693 6
0.000006777 1
0.000006062 2
0.000004726 1
0.000003424 1
0.000004107 1
0.000036900 1
0.000011985 1
0.000002136 1
0.000004411 2
0.000002742 3
0.000005701 1
0.000004716 1
0.000003128 4
0.000007130 1
0.000005798 1
0.000004790 1
0.000005880 1
0.000012013 1
0.000002052 2
0.000006891 1
0.000003277 1
0.000002876 2
0.000001534 6
0.000002069 3
0.000001748 4
0.000007769 1
0.000002790 2
0.000002806 1
0.000006688 1
0.000001820 5
0.000001222 14
0.000001230 12
0.000007846 1
0.000004588 2
0.000001533 14
0.000002755 4
0.000002173 6
0.000002456 1
0.000001651 3
0.000004773 1
0.000009353 1
0.000000758 94
0.000000810 45
0.000001070 19
0.000001787 6
0.000006123 1
0.000006538 1
0.000007486 1
0.000002602 2
0.000004855 1
0.000004009 1
0.000006168 1
0.000017546 1
0.000037560 1
0.000006500 3
0.000003543 1
0.000005271 1
0.000005551 1
0.000004508 1
0.000005660 1
0.000006664 1
0.000002140 4
0.000002924 1
0.000001595 5
0.000014391 1
0.000002423 1
0.000000811 58
0.000001714 3
0.000008280 1
0.000003384 1
0.000003094 2
0.000001359 14
0.000005722 1
0.000001608 5
0.000004265 1
0.000063796 1
0.000026621 1
0.000007843 1
0.000001973 4
0.000010669 1
0.000005932 1
0.000000565 236
0.000028007 1
0.000002617 4
0.000002956 4
0.000003713 1
0.000013519 1
0.000009960 1
0.000004713 1
0.000003908 1
0.000000429 2388
0.000002919 2
0.000001190 18
0.000001065 20
0.000004264 1
0.000001181 9
0.000001907 4
0.000040227 1
0.000000666 80
0.000001052 26
0.000005929 1
0.000012494 1
0.000000804 50
0.000005886 1
0.000001112 15
0.000038119 1
0.000001143 15
0.000004990 1
0.000001160 13
0.000000997 28
0.000004484 2
0.000002770 2
0.000005478 2
0.000020230 1
0.000000578 188
0.000008865 1
0.000006077 1
0.000002037 2
0.000002592 1
0.000002830 2
0.000010835 1
0.000001184 10
0.000002219 4
0.000004798 1
0.000001286 9
0.000001515 9
0.000001136 15
0.000003804 1
0.000003421 3
0.000003082 3
0.000015235 1
0.000011908 1
0.000004497 1
0.000007080 1
0.000001852 3
0.000000707 423
0.000001925 2
0.000001164 12
0.000011480 1
0.000003096 2
0.000002784 4
0.000002343 1
0.000004179 1
0.000003429 3
0.000000964 24
0.000002858 3
0.000023684 1
0.000001845 5
0.000004887 1
0.000002941 4
0.000000773 69
0.000002719 1
0.000002576 1
0.000017002 1
0.000001853 4
0.000005800 1
0.000002552 1
0.000004289 1
0.000005160 1
0.000012748 1
0.000001396 11
0.000002998 2
0.000006166 1
0.000002044 2
0.000002370 1
0.000004084 1
0.000018497 1
0.000000604 109
0.000000852 37
0.000011903 1
0.000004672 1
0.000001130 15
0.000000455 969
0.000004727 1
0.000002406 3
0.000005287 1
0.000004584 2
0.000006451 1
0.000001239 17
0.000005098 1
0.000006461 2
0.000003970 1
0.000001761 3
0.000007133 1
0.000003391 1
0.000000799 55
0.000000932 28
0.000000812 43
0.000006248 1
0.000006287 1
0.000001373 7
0.000001447 3
0.000001645 3
0.000003390 3
0.000002804 1
0.000013455 1
0.000007432 1
0.000002078 4
0.000006260 1
0.000005429 1
0.000002401 1
0.000006800 1
0.000001615 5
0.000004373 1
0.000005592 1
0.000004214 1
0.000003584 4
0.000029987 1
0.000001141 21
0.000002529 2
0.000001767 6
0.000003969 2
0.000001920 2
0.000000451 1107
0.000000858 37
0.000001605 3
0.000002205 1
0.000001745 4
0.000000843 36
0.000031025 1
0.000003067 3
0.000012451 1
0.000002033 5
0.000000710 305
0.000002801 3
0.000015786 1
0.000004249 1
0.000001272 11
0.000006934 1
0.000065580 1
0.000001015 29
0.000001632 7
0.000002003 5
0.000000510 311
0.000031345 1
0.000043207 1
0.000019005 1
0.000000889 30
0.000001242 19
0.000004894 1
0.000014672 1
0.000009775 1
0.000001655 3
0.000002240 4
0.000005189 1
0.000013889 1
0.000001118 25
0.000000955 23
0.000008420 1
0.000002485 1
0.000003033 2
0.000019924 1
0.000001591 10
0.000001191 14
0.000000973 25
0.000000513 354
0.000009057 1
0.000008343 1
0.000008152 1
0.000004912 1
0.000000494 506
0.000001618 4
0.000002168 4
0.000005738 1
0.000002839 3
0.000006805 1
0.000001196 9
0.000015274 1
0.000002007 4
0.000008067 1
0.000009161 1
0.000028655 1
0.000002994 2
0.000001538 10
0.000020963 1
0.000004193 1
0.000019383 1
0.000007881 1
0.000001588 6
0.000003054 1
0.000028550 1
0.000003061 2
0.000067853 1
0.000022935 1
0.000003074 1
0.000008950 1
0.000003131 2
0.000001784 2
0.000000450 1212
0.000008606 1
0.000001607 3
0.000022742 1
0.000011606 1
0.000002828 1
0.000008690 1
0.000000977 24
0.000002115 3
0.000001002 21
0.000009179 2
0.000015525 1
0.000002550 2
0.000009043 1
0.000001024 26
0.000015579 1
0.000004209 2
0.000005045 1
0.000000716 202
0.000000965 29
0.000003519 1
0.000004014 1
0.000005517 1
0.000051858 1
0.000012302 1
0.000005991 2
0.000005865 1
0.000003418 3
0.000002928 3
0.000000904 29
0.000016334 1
0.000004531 1
0.000001093 14
0.000013131 1
0.000004769 2
0.000010530 1
0.000003685 1
0.000012183 1
0.000000689 50
0.000001976 3
0.000009372 1
0.000003753 1
0.000001663 6
0.000035470 1
0.000011122 1
0.000240517 1
0.000004528 2
0.000002202 3
0.000000897 36
0.000003955 1
0.000001326 11
0.000001349 7
0.000001833 3
0.000002104 4
0.000003499 1
0.000020988 1
0.000000407 11008
0.000000616 119
0.000002199 5
0.000037272 1
0.000006389 1
0.000002314 4
0.000029304 1
0.000002493 4
0.000004202 1
0.000008716 1
0.000000624 95
0.000000875 27
0.000009474 1
0.000000842 32
0.000011399 1
0.000003479 1
0.000076409 1
0.000004318 1
0.000003922 1
0.000003582 1
0.000004619 1
0.000001796 4
0.000018313 2
0.000042838 1
0.000007684 1
0.000003975 1
0.000001747 7
0.000004267 1
0.000009677 1
0.000001539 5
0.000001468 5
0.000001783 9
0.000002386 2
0.000002307 4
0.000002048 4
0.000000911 29
0.000004047 1
0.000006666 2
0.000001021 19
0.000004958 1
0.000008139 1
0.000089020 1
0.000003746 2
0.000033540 1
0.000012537 1
0.000002303 2
0.000000713 331
0.000003443 3
0.000003642 3
0.000001311 11
0.000011119 1
0.000004543 2
0.000000566 203
0.000005931 1
0.000002673 4
0.000003581 2
0.000003885 1
0.000014075 1
0.000003085 1
0.000002496 1
0.000012216 1
0.000001105 26
0.000020385 1
0.000000824 50
0.000004474 1
0.000013588 1
0.000014344 1
0.000013326 1
0.000001975 3
0.000020766 1
0.000005140 1
0.000001200 19
0.000001507 7
0.000001724 7
0.000002167 3
0.000005893 1
0.000000652 66
0.000009238 1
0.000007125 1
0.000013179 2
0.000006612 1
0.000086263 1
0.000002866 1
0.000004207 1
0.000000999 31
0.000001211 12
0.000005362 2
0.000003732 2
0.000000504 421
0.000002964 3
0.000000996 27
0.000000712 280
0.000003148 1
0.000003214 1
0.000023506 1
0.000007942 1
0.000009979 1
0.000001953 6
0.000029444 1
0.000052220 1
0.000002850 1
0.000005159 1
0.000009605 1
0.000004347 1
0.000015750 1
0.000036576 1
0.000031864 1
0.000001144 14
0.000014041 1
0.000007834 2
0.000007195 1
0.000002449 4
0.000017776 1
0.000017495 1
0.000003575 4
0.000009676 1
0.000005621 1
0.000000862 34
0.000011082 1
0.000000835 49
0.000002197 4
0.000003208 2
0.000001233 14
0.000003844 2
0.000005422 1
0.000001795 4
0.000001291 13
0.000000482 514
0.000000621 99
0.000000702 51
0.000002814 1
0.000013925 1
0.000008095 1
0.000005402 1
0.000001872 3
0.000004031 1
0.000038890 1
0.000003288 1
0.000002676 1
0.000011658 1
0.000036621 1
0.000003077 1
0.000003710 1
0.000001992 4
0.000004452 1
0.000057587 1
0.000003412 1
0.000005494 1
0.000003176 2
0.000003370 2
0.000000659 85
0.000005606 1
0.000000920 31
0.000002464 2
0.000001106 19
0.000002481 1
0.000008953 1
0.000003055 1
0.000022806 1
0.000022013 1
0.000002502 3
0.000005732 1
0.000001956 2
0.000000863 40
0.000001100 16
0.000006288 1
0.000003188 1
0.000008287 1
0.000004579 1
0.000000768 82
0.000006841 1
0.000016457 1
0.000006281 1
0.000002662 2
0.000019235 1
0.000004162 1
0.000005444 1
0.000001238 10
0.000000483 510
0.000003484 2
0.000001014 16
0.000002960 1
0.000000630 80
0.000003795 1
0.000003760 1
0.000018317 1
0.000005270 1
0.000009913 1
0.000002394 1
0.000005451 1
0.000022187 1
0.000008913 1
0.000000481 496
0.000003894 1
0.000001004 18
0.000000706 301
0.000001564 6
0.000004743 1
0.000007342 1
0.000001565 6
0.000005581 1
0.000005837 1
0.000013424 1
0.000013657 1
0.000000529 244
0.000001147 24
0.000001432 9
0.000011594 1
0.000001674 4
0.000008257 2
0.000008684 1
0.000001577 3
0.000000720 170
0.000005802 1
0.000105028 1
0.000000609 121
0.000004288 1
0.000000928 19
0.000013248 1
0.000013781 1
0.000002610 2
0.000004033 1
0.000005688 2
0.000002904 2
0.000034667 1
0.000011962 1
0.000004956 1
0.000001225 19
0.000002654 1
0.000001417 9
0.000002598 3
0.000005420 1
0.000010375 1
0.000002224 2
0.000037976 1
0.000003042 1
0.000010505 1
0.000004761 2
0.000004732 1
0.000001682 7
0.000001062 19
0.000007592 1
0.000000840 32
0.000003745 2
0.000009444 1
0.000003348 1
0.000010442 1
0.000023010 1
0.000003701 1
0.000011086 1
0.000023449 1
0.000003355 1
0.000019084 1
0.000003530 2
0.000000946 24
0.000002076 2
0.000000496 473
0.000003469 1
0.000002264 3
0.000007278 1
0.000002210 3
0.000000761 87
0.000001148 17
0.000011080 1
0.000000608 115
0.000001980 3
0.000002693 1
0.000001127 12
0.000002331 2
0.000016252 1
0.000000953 23
0.000004946 1
0.000012454 1
0.000006498 1
0.000017747 1
0.000000864 40
0.000007815 1
0.000021796 1
0.000000971 23
0.000002381 3
0.000020301 1
0.000006771 1
0.000001857 1
0.000002925 3
0.000001215 8
0.000002079 4
0.000087751 1
0.000019947 1
0.000004006 1
0.000001525 3
0.000005520 1
0.000007105 1
0.000050713 1
0.000003120 1
0.000001945 5
0.000007188 1
0.000005778 1
0.000000970 27
0.000002088 3
0.000000591 150
0.000004247 3
0.000005293 1
0.000016906 1
0.000004400 1
0.000014916 1
0.000000548 415
0.000000887 33
0.000002111 2
0.000007998 1
0.000033129 1
0.000002888 1
0.000008718 1
0.000034298 1
0.000004366 1
0.000002636 1
0.000007527 1
0.000003632 2
0.000001524 3
0.000007378 1
0.000001839 6
0.000005425 1
0.000051868 1
0.000001285 9
0.000001859 3
0.000000488 675
0.000000645 99
0.000003072 1
0.000030895 1
0.000017047 1
0.000008189 1
0.000001587 2
0.000005133 1
0.000000472 670
0.000002447 3
0.000005386 1
0.000000469 742
0.000003083 2
0.000001689 5
0.000009028 1
0.000000423 3194
0.000001209 10
0.000003475 3
0.000000878 34
0.000003134 1
0.000004385 1
0.000001425 10
0.000001661 7
0.000002889 1
0.000004901 1
0.000011153 1
0.000002460 3
0.000011287 1
0.000026946 1
0.000002012 2
0.000003018 4
0.000003190 1
0.000003665 1
0.000006701 1
0.000002519 1
0.000003977 1
0.000005636 1
0.000003716 2
0.000000509 395
0.000006862 1
0.000004188 1
0.000010122 1
0.000005099 1
0.000009311 1
0.000018415 1
0.000005321 1
0.000002821 2
0.000005147 2
0.000000870 36
0.000004037 1
0.000025100 1
0.000011142 1
0.000001207 15
0.000008935 1
0.000002054 3
0.000004735 2
0.000021821 1
0.000000744 112
0.000000778 79
0.000001296 8
0.000005059 1
0.000000736 124
0.000001471 7
0.000006858 1
0.000006023 1
0.000013865 1
0.000004989 1
0.000019158 1
0.000007649 1
0.000003177 1
0.000003696 2
0.000012838 2
0.000000966 32
0.000003670 3
0.000001492 7
0.000002361 1
0.000000514 339
0.000004344 1
0.000017718 1
0.000000952 23
0.000000818 45
0.000001746 4
0.000006201 1
0.000018986 1
0.000007292 1
0.000028079 1
0.000000975 27
0.000006651 3
0.000001123 26
0.000002489 4
0.000001046 30
0.000003725 1
0.000021142 1
0.000004241 1
0.000016574 1
0.000000752 110
0.000002968 2
0.000001703 4
0.000003327 3
0.000020338 1
0.000013379 1
0.000001473 5
0.000004048 1
0.000006892 1
0.000002644 1
0.000003756 1
0.000012519 2
0.000034044 1
0.000013566 1
0.000009794 1
0.000003935 1
0.000001579 2
0.000001289 13
0.000008695 1
0.000005177 1
0.000010120 1
0.000009696 1
0.000006913 1
0.000003098 4
0.000002221 3
0.000010067 1
0.000001766 5
0.000013494 1
0.000020990 1
0.000004898 2
0.000007189 1
0.000005284 2
0.000007121 2
0.000000471 740
0.000008944 1
0.000003960 1
0.000010607 1
0.000002004 4
0.000004537 1
0.000002470 1
0.000039235 1
0.000001736 5
0.000006870 1
0.000005782 1
0.000000983 26
0.000000837 38
0.000004173 2
0.000012990 1
0.000002122 2
0.000001627 7
0.000004970 1
0.000004920 1
0.000003757 2
0.000001594 11
0.000000385 109625
0.000001292 21
0.000001943 1
0.000052345 1
0.000001966 5
0.000003591 1
0.000010207 1
0.000001267 22
0.000002776 3
0.000000781 69
0.000004442 1
0.000002501 2
0.000007503 1
0.000001097 16
0.000005831 1
0.000000615 116
0.000000820 64
0.000042685 1
0.000001013 24
0.000016169 1
0.000001333 10
0.000001223 15
0.000007073 1
0.000001785 4
0.000003943 1
0.000000537 225
0.000007722 1
0.000002395 2
0.000006712 1
0.000004070 1
0.000003375 1
0.000016006 1
0.000000792 63
0.000002535 2
0.000002067 3
0.000003673 1
0.000002234 9
0.000001255 21
0.000003029 3
0.000003204 2
0.000002475 3
0.000006468 1
0.000003442 1
0.000007872 1
0.000007841 1
0.000000649 83
0.000001388 8
0.000006641 1
0.000004830 1
0.000005808 1
0.000001547 9
0.000007464 1
0.000003002 1
0.000005784 2
0.000002848 3
0.000011096 1
0.000001536 5
0.000000926 28
0.000005909 1
0.000001339 6
0.000001602 5
0.000037918 1
0.000001772 3
0.000067630 1
0.000002873 3
0.000001860 6
0.000002726 2
0.000018023 1
0.000009805 1
0.000001731 6
0.000001603 6
0.000002721 2
0.000001843 5
0.000000893 41
0.000003662 1
0.000000782 68
0.000000401 14073
0.000006099 1
0.000008341 1
0.000005541 1
0.000001308 6
0.000002271 6
0.000041943 1
0.000006617 1
0.000000726 173
0.000012910 1
0.000004921 1
0.000007791 1
0.000001695 8
0.000001789 4
0.000002438 3
0.000000981 27
0.000005174 1
0.000006244 1
0.000001520 2
0.000001078 34
0.000002213 3
0.000002639 2
0.000022448 1
0.000002166 1
0.000000691 70
0.000001718 1
0.000002558 2
0.000001753 5
0.000008792 1
0.000002771 1
0.000004342 1
0.000006452 1
0.000005439 1
0.000003275 1
0.000012021 1
0.000030847 2
0.000005205 1
0.000013976 1
0.000023128 1
0.000001955 3
0.000001612 4
0.000003536 1
0.000002608 1
0.000001115 15
0.000008440 1
0.000002932 3
0.000004696 1
0.000000487 612
0.000011283 1
0.000002323 2
0.000004942 1
0.000005015 1
0.000044145 1
0.000000544 363
0.000000598 112
0.000001519 7
0.000010292 1
0.000007191 1
0.000004712 3
0.000011016 1
0.000003921 2
0.000011257 1
0.000002270 1
0.000039603 1
0.000001074 16
0.000001354 13
0.000004245 1
0.000003568 1
0.000005001 1
0.000014464 1
0.000008465 1
0.000030097 1
0.000005298 2
0.000006246 1
0.000010893 2
0.000001322 6
0.000003114 1
0.000017282 1
0.000007589 2
0.000005417 1
0.000007463 2
0.000002471 2
0.000016259 1
0.000001817 5
0.000006589 1
0.000008131 1
0.000004393 1
0.000003524 1
0.000039375 1
0.000002484 4
0.000001236 17
0.000002298 2
0.000001270 18
0.000008491 1
0.000001727 4
0.000001063 20
0.000004407 1
0.000000801 49
0.000013108 1
0.000000839 50
0.000005653 1
0.000003776 1
0.000008326 2
0.000002974 1
0.000025930 1
0.000012114 1
0.000002124 2
0.000006049 1
0.000003523 1
0.000000406 11047
0.000002871 3
0.000005317 1
0.000003728 1
0.000014927 1
0.000003372 2
0.000003534 2
0.000001365 12
0.000002976 1
0.000007662 1
0.000003124 1
0.000002209 5
0.000021670 1
0.000001175 11
0.000001003 20
0.000004721 1
0.000004795 1
0.000001068 26
0.000004281 1
0.000000825 53
0.000001558 7
0.000017218 1
0.000003689 3
0.000001681 4
0.000003659 3
0.000000583 182
0.000010327 1
0.000007155 1
0.000003297 1
0.000021963 1
0.000005587 1
0.000001499 7
0.000001812 1
0.000005848 1
0.000005661 1
0.000000427 2680
0.000001710 5
0.000004413 1
0.000008583 1
0.000006343 1
0.000004135 1
0.000004536 2
0.000004380 1
0.000008327 1
0.000001642 5
0.000002671 3
0.000001167 13
0.000002818 3
0.000004081 1
0.000004332 1
0.000000433 2183
0.000002121 3
0.000048189 1
0.000008609 1
0.000001862 5
0.000001109 18
0.000001850 6
0.000008901 1
0.000017756 1
0.000003450 1
0.000000943 26
0.000000941 28
0.000005956 2
0.000012245 1
0.000004417 1
0.000037250 1
0.000004459 2
0.000008265 1
0.000001421 6
0.000003280 1
0.000003066 3
0.000019160 1
0.000001965 4
0.000002259 3
0.000005578 2
0.000002373 1
0.000003567 3
0.000005994 1
0.000003216 2
0.000004314 1
0.000000730 154
0.000003723 1
0.000005446 1
0.000002696 2
0.000001566 8
0.000007166 1
0.000000584 167
0.000002040 3
0.000006057 1
0.000002498 1
0.000002534 1
0.000005090 2
0.000002348 2
0.000001145 21
0.000003369 3
0.000001114 17
0.000003818 3
0.000006855 1
0.000007035 1
0.000002236 4
0.000008168 1
0.000000687 49
0.000000402 12972
0.000001751 6
0.000000998 32
0.000004160 3
0.000023408 1
0.000004924 1
0.000037501 1
0.000008383 1
0.000004539 1
0.000002886 1
0.000004436 1
0.000013826 1
0.000007203 1
0.000002743 3
0.000009849 1
0.000002982 2
0.000002184 2
0.000000643 76
0.000012849 1
0.000009801 1
0.000017980 1
0.000006645 1
0.000003918 1
0.000004011 3
0.000002026 8
0.000000613 153
0.000004234 2
0.000002913 2
0.000000765 70
0.000005340 1
0.000001449 5
0.000000391 49414
0.000001643 5
0.000004078 1
0.000000881 40
0.000002562 2
0.000004353 1
0.000004025 2
0.000005761 1
0.000012577 1
0.000003842 2
0.000028760 1
0.000007739 1
0.000000980 28
0.000004377 2
0.000004421 1
0.000004302 2
0.000003076 3
0.000001056 26
0.000001486 2
0.000016398 1
0.000002791 1
0.000005301 1
0.000005843 1
0.000000907 34
0.000004706 2
0.000004239 2
0.000002345 5
0.000002699 1
0.000003108 3
0.000004201 1
0.000000457 881
0.000003071 2
0.000005285 2
0.000015035 1
0.000018377 1
0.000008937 1
0.000005178 1
0.000000728 146
0.000025020 1
0.000000463 866
0.000002363 2
0.000001764 7
0.000001804 4
0.000010982 1
0.000013140 2
0.000003477 1
0.000001189 13
0.000007562 1
0.000001932 2
0.000010060 1
0.000005790 2
0.000009869 1
0.000010391 1
0.000001416 10
0.000001601 7
0.000001287 14
0.000001841 3
0.000002516 1
0.000049380 1
0.000012314 1
0.000000424 3366
0.000003339 1
0.000002712 1
0.000005466 1
0.000002542 1
0.000006378 2
0.000003860 1
0.000003704 2
0.000033325 1
0.000006052 1
0.000000958 21
0.000001563 4
0.000006987 1
0.000003449 1
0.000003752 2
0.000005168 1
0.000006682 1
0.000009701 1
0.000006171 1
0.000003512 1
0.000006280 1
0.000005728 1
0.000033830 1
0.000001122 11
0.000016370 1
0.000000984 34
0.000001673 5
0.000013906 1
0.000003371 2
0.000001213 15
0.000008623 1
0.000000899 36
0.000001304 4
0.000001582 7
0.000001102 23
0.000003312 1
0.000002825 1
0.000005751 2
0.000003857 1
0.000006775 1
0.000014453 1
0.000021685 1
0.000002250 5
0.000010406 1
0.000004513 1
0.000007424 1
0.000005537 1
0.000000989 39
0.000004783 2
0.000002039 2
0.000003196 1
0.000033698 1
0.000080127 1
0.000001503 5
0.000000648 62
0.000063537 1
0.000008827 1
0.000002200 3
0.000001990 4
0.000000770 84
0.000004592 1
0.000001716 7
0.000002547 1
0.000001619 5
0.000012349 1
0.000004422 1
0.000008408 2
0.000001305 10
0.000016606 1
0.000000552 314
0.000003797 1
0.000001202 11
0.000005807 1
0.000003092 1
0.000001454 4
0.000007138 1
0.000007060 1
0.000000444 1475
0.000004061 1
0.000001455 10
0.000001902 3
0.000001874 5
0.000005391 1
0.000001581 1
0.000013250 1
0.000044794 1
0.000031190 1
0.000001557 5
0.000000414 5776
0.000006359 1
0.000001889 2
0.000003039 1
0.000006493 1
0.000004518 2
0.000006107 1
0.000001883 10
0.000036383 1
0.000003564 3
0.000001094 20
0.000001022 30
0.000005393 2
0.000001825 3
0.000001412 11
0.000002094 3
0.000002299 3
0.000010273 1
0.000002177 2
0.000002090 4
0.000000979 25
0.000000461 950
0.000006056 1
0.000022033 1
0.000002645 1
0.000005922 1
0.000003073 1
0.000003840 2
0.000011011 1
0.000003491 3
0.000012994 1
0.000003110 2
0.000004351 1
0.000000701 61
0.000005062 1
0.000002530 3
0.000004829 1
0.000010102 1
0.000003116 1
0.000000476 612
0.000007258 1
0.000000849 38
0.000004186 1
0.000010061 1
0.000003352 1
0.000034092 1
0.000003368 3
0.000000762 88
0.000004204 2
0.000003865 1
0.000011892 1
0.000002077 2
0.000012289 1
0.000007147 2
0.000001497 9
0.000008488 1
0.000002910 2
0.000006587 1
0.000002181 5
0.000005231 1
0.000012812 1
0.000001193 12
0.000002316 2
0.000004853 1
0.000001120 20
0.000002385 2
0.000000947 29
0.000000766 89
0.000001541 9
0.000003147 1
0.000000740 107
0.000004556 1
0.000001381 11
0.000013696 1
0.000009816 1
0.000000408 10223
0.000003517 1
0.000003826 2
0.000029254 1
0.000003164 1
0.000004468 1
0.000014889 1
0.000002339 2
0.000002573 1
0.000002285 2
0.000001036 30
0.000001217 15
0.000003379 1
0.000013618 1
0.000006041 1
0.000005014 1
0.000004065 1
0.000001029 47
0.000000910 24
0.000002212 3
0.000008423 1
0.000003939 1
0.000002629 4
0.000004542 3
0.000052626 1
0.000002424 2
0.000001318 10
0.000004257 1
0.000000515 356
0.000004049 2
0.000002297 2
0.000002009 2
0.000004180 1
0.000001163 11
0.000000961 27
0.000001450 11
0.000012570 1
0.000002137 3
0.000013160 1
0.000001910 10
0.000002865 1
0.000009736 2
0.000003649 1
0.000001649 4
0.000001918 7
0.000006673 1
0.000006004 1
0.000003828 3
0.000022615 1
0.000024823 1
0.000002760 1
0.000001010 38
0.000002510 1
0.000002165 4
0.000005295 2
0.000001931 4
0.000000470 713
0.000003415 1
0.000005074 1
0.000000644 93
0.000006297 1
0.000004779 1
0.000000634 82
0.000000698 54
0.000026537 1
0.000004530 1
0.000046826 1
0.000011187 1
0.000002405 3
0.000003304 1
0.000006170 1
0.000002143 5
0.000000935 24
0.000000756 82
0.000002661 3
0.000005343 1
0.000014386 1
0.000004621 2
0.000007108 1
0.000000830 29
0.000002258 3
0.000003608 3
0.000005336 1
0.000005032 1
0.000003899 1
0.000006363 1
0.000002170 1
0.000028080 1
0.000001034 13
0.000004315 1
0.000000845 48
0.000000508 362
0.000012661 1
0.000001665 7
0.000026823 1
0.000006931 1
0.000002245 5
0.000010768 1
0.000007099 1
0.000006384 1
0.000002971 2
0.000004381 1
0.000004590 1
0.000001119 13
0.000001245 149
0.000001631 5
0.000003729 3
0.000019396 1
0.000005561 2
0.000021330 1
0.000000479 591
0.000065008 1
0.000003571 2
0.000001314 13
0.000006622 1
0.000013035 1
0.000008546 1
0.000025907 1
0.000002158 2
0.000000831 42
0.000001868 3
0.000013926 1
0.000008911 1
0.000004312 1
0.000046028 1
0.000007725 2
0.000011230 1
0.000004613 2
0.000004140 1
0.000008640 1
0.000002034 4
0.000011227 1
0.000001722 6
0.000002237 2
0.000001896 3
0.000002623 1
0.000002628 6
0.000005727 1
0.000009452 1
0.000002118 4
0.000009555 1
0.000001277 14
0.000003796 1
0.000003138 1
0.000003310 1
0.000005361 1
0.000107929 1
0.000001909 3
0.000031085 1
0.000002861 4
0.000004329 1
0.000018617 1
0.000004734 1
0.000002863 1
0.000001227 11
0.000003577 2
0.000004820 1
0.000003201 2
0.000002614 1
0.000003570 1
0.000001182 13
0.000002736 2
0.000020199 1
0.000011492 1
0.000001293 14
0.000007088 1
0.000006810 1
0.000000791 56
0.000002603 2
0.000002713 4
0.000000746 80
0.000011077 1
0.000003583 2
0.000017830 1
0.000001229 15
0.000001476 12
0.000002038 2
0.000000683 46
0.000001664 9
0.000002714 5
0.000008720 1
0.000034992 1
0.000004877 1
0.000005966 1
0.000004694 1
0.000001411 12
0.000058605 1
0.000003225 2
0.000002646 1
0.000005145 1
0.000007546 1
0.000028640 1
0.000002517 2
0.000001657 13
0.000003332 2
0.000010747 1
0.000009095 1
0.000003322 3
0.000000668 75
0.000002146 3
0.000002732 2
0.000002431 2
0.000003485 1
0.000002434 1
0.000000822 45
0.000001574 9
0.000005642 1
0.000001005 31
0.000000767 76
0.000003892 2
0.000001835 6
0.000000541 354
0.000000502 418
0.000006183 1
0.000003514 1
0.000006537 1
0.000020019 1
0.000018438 1
0.000002782 2
0.000009434 1
0.000002758 1
0.000014876 1
0.000004044 1
0.000001671 8
0.000003191 3
0.000009044 1
0.000002072 2
0.000014917 1
0.000013001 1
0.000004334 1
0.000039367 1
0.000001629 4
0.000000868 35
0.000002409 1
0.000007148 1
0.000003373 1
0.000002058 6
0.000000874 34
0.000004441 1
0.000001055 18
0.000003490 1
0.000039410 1
0.000005835 1
0.000020331 1
0.000005833 1
0.000024560 1
0.000004102 4
0.000003200 2
0.000002028 5
0.000005239 2
0.000001678 8
0.000004945 1
0.000000741 118
0.000001832 2
0.000001517 10
0.000003683 1
0.000002178 3
0.000015263 1
0.000001027 22
0.000005408 1
0.000000539 235
0.000001155 13
0.000000714 246
0.000000861 48
0.000003038 4
0.000006006 1
0.000002800 1
0.000000661 65
0.000007000 1
0.000003488 1
0.000013491 1
0.000002596 1
0.000030109 1
0.000024162 1
0.000001900 3
0.000001188 12
0.000021258 1
0.000017845 1
0.000023992 1
0.000001278 9
0.000011508 1
0.000001370 12
0.000001623 3
0.000025081 1
0.000018618 1
0.000002329 4
0.000016733 1
0.000035123 1
0.000036123 1
0.000002248 5
0.000001869 3
0.000002680 1
0.000002959 1
0.000001178 14
0.000004683 1
0.000000507 370
0.000006719 1
0.000002440 3
0.000015370 1
0.000004116 1
0.000005052 1
0.000004913 1
0.000001890 2
0.000014859 2
0.000001559 2
0.000005955 1
0.000003062 2
0.000006370 1
0.000001981 5
0.000020807 1
0.000008907 1
0.000001696 5
0.000002779 1
0.000001282 13
0.000002214 1
0.000004888 1
0.000013638 1
0.000010830 1
0.000003609 1
0.000007594 1
0.000007607 1
0.000021030 1
0.000003444 2
0.000001514 10
0.000001428 5
0.000027283 1
0.000030013 1
0.000005528 1
0.000003680 1
0.000001687 7
0.000001076 11
0.000001982 5
0.000005143 1
0.000006025 1
0.000064912 1
0.000001936 9
0.000001621 4
0.000004487 2
0.000006715 1
0.000003843 3
0.000002540 4
0.000000968 20
0.000007391 1
0.000000497 441
0.000009894 1
0.000001895 2
0.000005483 2
0.000001684 6
0.000002196 5
0.000002308 4
0.000004191 1
0.000004300 1
0.000001545 6
0.000016093 1
0.000000378 155634
0.000043859 1
0.000054036 1
0.000003623 1
0.000005783 1
0.000001210 13
0.000002341 2
0.000001808 2
0.000003292 2
0.000000892 38
0.000000586 148
0.000000545 364
0.000003036 1
0.000004311 2
0.000006264 1
0.000002119 3
0.000013551 1
0.000003550 1
0.000000512 340
0.000009480 1
0.000002880 2
0.000005313 1
0.000001142 11
0.000002253 3
0.000000885 37
0.000002946 1
0.000004365 2
0.000002759 3
0.000002101 4
0.000004477 3
0.000002057 5
0.000045990 1
0.000010265 1
0.000003763 1
0.000003516 4
0.000002086 2
0.000004757 1
0.000023774 1
0.000004104 1
0.000003802 1
0.000029539 1
0.000016037 1
0.000002497 1
0.000016761 1
0.000001647 6
0.000001578 10
0.000003600 1
0.000009038 1
0.000008104 1
0.000003525 1
0.000011417 1
0.000008178 1
0.000002903 1
0.000002065 5
0.000001297 15
0.000009470 1
0.000004435 1
0.000002523 2
0.000000823 44
0.000003672 1
0.000012006 1
0.000002711 1
0.000002194 1
0.000011834 1
0.000029118 1
0.000003736 1
0.000001844 2
0.000001802 2
0.000002300 1
0.000001371 4
0.000004438 2
0.000055357 1
0.000003590 1
0.000001176 11
0.000002114 2
0.000015245 1
0.000002739 2
0.000003178 2
0.000001935 5
0.000028286 1
0.000011529 1
0.000000936 21
0.000044640 1
0.000002191 3
0.000001553 6
0.000111057 1
0.000001197 18
0.000002103 1
0.000019906 1
0.000025607 1
0.000040396 1
0.000000443 1654
0.000009548 1
0.000055236 1
0.000002583 3
0.000005200 1
0.000000453 1038
0.000004774 1
0.000008439 1
0.000001911 6
0.000006010 1
0.000010209 1
0.000000440 1647
0.000002100 5
0.000008028 1
0.000014925 1
0.000001782 2
0.000012059 1
0.000008011 1
0.000002042 5
0.000022118 1
0.000000639 90
0.000008757 1
0.000001855 5
0.000003655 2
0.000003419 1
0.000009262 1
0.000003602 1
0.000002505 1
0.000004553 2
0.000007406 2
0.000010895 1
0.000001947 7
0.000000664 68
0.000003997 1
0.000001571 7
0.000001521 6
0.000001409 6
0.000000589 166
0.000000669 47
0.000002070 4
0.000003267 1
0.000002149 1
0.000006436 1
0.000001165 17
0.000004406 2
0.000003771 1
0.000006407 1
0.000000486 793
0.000002692 7
0.000002827 2
0.000001321 11
0.000002545 2
0.000002949 2
0.000003130 2
0.000000750 109
0.000003940 1
0.000017097 1
0.000007373 1
0.000016166 1
0.000001698 4
0.000000462 955
0.000016536 1
0.000003533 1
0.000008476 1
0.000126222 1
0.000008652 1
0.000002410 2
0.000000654 85
0.000011824 1
0.000002229 3
0.000000395 31747
0.000012364 1
0.000003994 1
0.000016000 1
0.000002206 2
0.000003595 1
0.000013870 1
0.000001457 7
0.000001138 18
0.000002555 5
0.000003150 1
0.000003624 1
0.000036924 1
0.000066783 1
0.000007229 2
0.000003944 2
0.000001721 2
0.000002703 1
0.000007626 1
0.000007598 1
0.000008457 1
0.000003850 2
0.000051223 1
0.000000498 434
0.000019427 1
0.000000992 30
0.000005707 1
0.000003532 1
0.000024662 1
0.000006752 1
0.000001307 9
0.000002441 2
0.000000888 34
0.000009772 1
0.000005087 1
0.000001125 12
0.000018681 1
0.000019307 1
0.000002650 2
0.000007710 1
0.000002246 4
0.000005390 1
0.000018590 1
0.000010663 1
0.000009867 1
0.000008094 1
0.000001299 20
0.000008029 1
0.000000790 55
0.000001971 3
0.000002188 1
0.000001870 5
0.000022567 1
0.000003472 2
0.000000473 676
0.000017203 1
0.000004341 1
0.000000896 18
0.000005259 1
0.000007447 1
0.000002266 4
0.000001439 8
0.000004641 2
0.000001921 4
0.000004316 1
0.000015825 2
0.000016986 1
0.000004399 1
0.000002694 2
0.000004278 1
0.000000816 54
0.000001000 29
0.000002788 3
0.000002796 2
0.000000711 242
0.000005890 2
0.000017706 1
0.000002083 3
0.000002549 1
0.000004074 2
0.000003907 1
0.000002084 3
0.000017919 1
0.000001573 8
0.000001179 12
0.000002922 3
0.000023732 1
0.000000821 53
0.000008430 1
0.000008133 2
0.000001081 18
0.000019399 1
0.000002252 1
0.000007987 2
0.000003777 2
0.000004874 1
0.000024502 1
0.000000485 463
0.000003505 1
0.000004058 1
0.000013464 1
0.000003455 1
0.000000915 23
0.000001549 5
0.000010780 1
0.000004187 1
0.000010647 1
0.000001752 3
0.000003389 2
0.000002377 3
0.000003974 1
0.000008707 1
0.000009200 1
0.000007067 1
0.000005920 1
0.000016309 1
0.000010272 1
0.000021125 1
0.000000647 84
0.000000493 518
0.000002685 1
0.000003006 2
0.000004100 1
0.000008943 1
0.000001826 1
0.000045166 1
0.000001838 2
0.000005995 2
0.000002208 5
0.000005357 1
0.000008744 1
0.000004876 1
0.000003263 2
0.000001053 27
0.000002486 2
0.000022682 1
0.000008734 2
0.000021519 1
0.000021960 1
0.000002633 2
0.000002520 3
0.000002985 2
0.000006465 1
0.000008703 1
0.000002450 2
0.000004185 1
0.000001723 2
0.000007262 1
0.000000389 64946
0.000003011 1
0.000001666 6
0.000004826 1
0.000009382 1
0.000011983 1
0.000002102 3
0.000075971 1
0.000043551 1
0.000001275 14
0.000016415 1
0.000002756 2
0.000002642 1
0.000002682 2
0.000008779 1
0.000004550 1
0.000002106 2
0.000002374 4
0.000000764 99
0.000003986 1
0.000004960 1
0.000006726 1
0.000004501 2
0.000015168 1
0.000001630 10
0.000003833 2
0.000004764 1
0.000006629 1
0.000006342 1
0.000003478 2
0.000004019 3
0.000003206 1
0.000016248 1
0.000007844 1
0.000003454 2
0.000041960 1
0.000004860 1
0.000003320 1
0.000000546 424
0.000002631 1
0.000000468 824
0.000006592 2
0.000000627 119
0.000029591 1
0.000002702 1
0.000002223 2
0.000002081 2
0.000003917 1
0.000002455 4
0.000001930 5
0.000005251 1
0.000001851 5
0.000007615 1
0.000005942 1
0.000001849 4
0.000002238 2
0.000003462 5
0.000003706 1
0.000000688 50
0.000000432 2206
0.000002897 3
0.000002113 6
0.000003010 1
0.000006517 1
0.000001389 8
0.000000405 9945
0.000006658 2
0.000010717 1
0.000006574 1
0.000002525 1
0.000003675 2
0.000020540 1
0.000000995 39
0.000090538 1
0.000002622 1
0.000006772 1
0.000018610 1
0.000001038 36
0.000003318 1
0.000014867 1
0.000023918 1
0.000001713 6
0.000001158 17
0.000002504 1
0.000002813 1
0.000001343 18
0.000006066 1
0.000016857 1
0.000000805 45
0.000009540 1
0.000000901 29
0.000002201 4
0.000016696 1
0.000003161 1
0.000000815 50
0.000035523 1
0.000005274 2
0.000003782 2
0.000002490 3
0.000003459 1
0.000004448 1
0.000008114 1
0.000005753 1
0.000021354 1
0.000002408 2
0.000002969 1
0.000007966 1
0.000023637 1
0.000004384 1
0.000005655 1
0.000008903 1
0.000011970 1
0.000002843 1
0.000014795 1
0.000001526 11
0.000011115 1
0.000002579 1
0.000002729 1
0.000006289 1
0.000001892 4
0.000007991 1
0.000003205 1
0.000004309 1
0.000001080 23
0.000005424 1
0.000002905 3
0.000021331 1
0.000013328 1
0.000041909 1
0.000005609 1
0.000001403 4
0.000003547 1
0.000001332 16
0.000001461 7
0.000012458 1
0.000001463 7
0.000002527 4
0.000006640 1
0.000006229 2
0.000008091 1
0.000008576 1
0.000001680 9
0.000005397 1
0.000002618 4
0.000005372 1
0.000004213 2
0.000007992 2
0.000014643 1
0.000000527 266
0.000000686 67
0.000001739 3
0.000002829 4
0.000002765 2
0.000002144 3
0.000006367 1
0.000011716 1
0.000000593 155
0.000005047 1
0.000005717 1
0.000002566 1
0.000002092 5
0.000006564 1
0.000001484 8
0.000003024 1
0.000018160 1
0.000004240 2
0.000007048 1
0.000001170 9
0.000010677 1
0.000008096 1
0.000007551 1
0.000004870 1
0.000000753 106
0.000005028 1
0.000001762 5
0.000001026 22
0.000004086 2
0.000012229 1
0.000003172 1
0.000000725 179
0.000004673 1
0.000006947 1
0.000053718 1
0.000002024 3
0.000005667 1
0.000004299 1
0.000011481 1
0.000007767 1
0.000002290 5
0.000003044 1
0.000002301 1
0.000001654 7
0.000001988 4
0.000009365 1
0.000006429 1
0.000012615 1
0.000014111 1
0.000002700 3
0.000006616 1
0.000010811 1
0.000003140 3
0.000002016 3
0.000014098 1
0.000010925 1
0.000004016 2
0.000016346 1
0.000000755 85
0.000000538 213
0.000016905 2
0.000003334 2
0.000005434 1
0.000001758 8
0.000001899 3
0.000002775 1
0.000032812 1
0.000000601 138
0.000001865 7
0.000001586 6
0.000005455 1
0.000000585 136
0.000001939 1
0.000001917 3
0.000007760 1
0.000002428 1
0.000001406 11
0.000011027 1
0.000003458 1
0.000001779 9
0.000002096 3
0.000000574 190
0.000020290 1
0.000015460 1
0.000001300 15
0.000002868 2
0.000000727 163
0.000005460 2
0.000001968 3
0.000010689 1
0.000001885 5
0.000007368 1
0.000007039 1
0.000005992 1
0.000001458 5
0.000001532 11
0.000015630 1
0.000002518 3
0.000006519 1
0.000001744 4
0.000001987 1
0.000005183 1
0.000008866 1
0.000002036 4
0.000024348 1
0.000002185 9
0.000002513 3
0.000001683 4
0.000019104 1
0.000003724 1
0.000004529 1
0.000003174 1
0.000000441 1486
0.000002359 1
0.000003126 1
0.000004392 1
0.000002854 1
0.000002658 3
0.000003426 3
0.000010174 1
0.000008004 1
0.000000909 37
0.000011982 1
0.000005292 1
0.000002599 1
0.000006035 1
0.000018914 1
0.000006976 1
0.000018243 1
0.000002724 1
0.000011220 2
0.000005250 3
0.000001407 6
0.000007555 1
0.000017224 1
0.000043561 1
0.000011917 1
0.000007179 1
0.000010487 1
0.000001044 22
0.000002793 1
0.000007825 1
0.000044913 1
0.000006372 1
0.000014475 1
0.000031014 1
0.000005261 1
0.000002061 5
0.000000571 220
0.000002203 2
0.000003395 1
0.000013885 1
0.000002063 5
0.000008392 1
0.000009500 1
0.000009454 1
0.000000951 22
0.000000783 71
0.000006756 1
0.000004772 1
0.000009734 1
0.000001066 24
0.000000882 29
0.000004644 1
0.000002674 1
0.000003726 1
0.000004741 1
0.000009282 1
0.000004831 1
0.000003748 3
0.000003489 1
0.000030758 1
0.000002267 1
0.000004143 1
0.000002678 4
0.000002578 5
0.000004082 1
0.000005987 1
0.000006638 1
0.000003883 1
0.000001049 24
0.000001219 9
0.000002150 3
0.000002883 4
0.000011161 1
0.000004954 1
0.000011076 1
0.000002139 1
0.000003344 3
0.000024550 1
0.000002757 1
0.000000522 272
0.000079988 1
0.000016779 1
0.000002954 1
0.000004997 2
0.000012646 1
0.000000931 28
0.000000580 196
0.000085418 1
0.000014456 1
0.000000674 67
0.000012989 1
0.000009249 1
0.000001628 5
0.000011549 1
0.000000972 27
0.000002218 2
0.000003667 1
0.000001126 18
0.000003916 2
0.000003303 3
0.000005702 1
0.000000403 13170
0.000001914 8
0.000023788 1
0.000001372 9
0.000022611 1
0.000003784 3
0.000000426 2945
0.000006656 1
0.000007049 1
0.000009779 1
0.000005218 1
0.000000890 41
0.000009663 3
0.000012751 1
0.000003961 1
0.000002584 1
0.000025641 1
0.000012159 1
0.000049161 1
0.000013480 1
0.000023557 1
0.000009902 1
0.000002457 4
0.000026370 1
0.000001185 12
0.000003627 1
0.000008010 1
0.000029622 1
0.000006139 1
0.000001133 11
0.000001769 4
0.000002328 4
0.000020653 1
0.000001929 5
0.000007590 1
0.000016468 1
0.000000465 774
0.000009653 1
0.000001352 11
0.000002686 4
0.000000891 31
0.000001954 4
0.000003258 1
0.000007903 1
0.000004283 1
0.000001218 11
0.000001610 5
0.000006561 1
0.000005056 1
0.000002838 3
0.000002225 4
0.000001340 4
0.000021405 1
0.000000386 94603
0.000002074 5
0.000003273 2
0.000005593 1
0.000001759 4
0.000004742 2
0.000008081 2
0.000007038 1
0.000000435 1876
0.000001248 21
0.000000599 124
0.000001073 16
0.000001228 17
0.000001241 16
0.000008851 1
0.000003640 1
0.000002892 1
0.000002677 3
0.000002075 3
0.000002916 3
0.000000940 26
0.000001701 7
0.000003405 1
0.000000549 306
0.000001399 11
0.000004881 1
0.000004403 1
0.000004810 2
0.000017981 1
0.000005440 1
0.000001441 2
0.000005068 3
0.000000660 66
0.000011460 1
0.000001173 14
0.000002451 3
0.000000596 133
0.000002155 3
0.000002890 1
0.000049886 1
0.000007110 1
0.000001706 5
0.000003220 3
0.000003143 1
0.000001273 20
0.000003268 2
0.000003123 1
0.000005787 1
0.000003345 2
0.000001395 6
0.000001134 15
0.000005620 1
0.000034346 1
0.000006714 1
0.000012618 1
0.000002495 3
0.000002153 3
0.000001250 28
0.000003165 1
0.000012762 1
0.000001640 6
0.000000772 68
0.000010340 1
0.000001453 5
0.000001537 6
0.000001330 13
0.000001969 1
0.000005985 1
0.000012912 1
0.000001548 8
0.000000560 272
0.000003474 1
0.000001777 4
0.000019420 1
0.000009905 2
0.000000742 106
0.000003872 1
0.000006209 1
0.000020158 1
0.000009674 1
0.000018271 1
0.000004560 1
0.000003347 2
0.000013119 1
0.000000600 122
0.000010843 1
0.000005584 2
0.000016625 1
0.000057148 1
0.000012095 1
0.000003256 2
0.000001972 5
0.000006055 1
0.000002342 3
0.000004978 2
0.000011146 1
0.000010726 1
0.000005639 1
0.000003153 1
0.000020934 1
0.000003283 1
0.000001949 3
0.000001008 25
0.000002615 4
0.000006471 1
0.000014711 1
0.000007123 1
0.000005449 3
0.000001172 15
0.000006416 1
0.000004386 2
0.000007663 1
0.000001856 4
0.000000505 433
0.000002105 3
0.000004627 1
0.000007940 1
0.000011997 1
0.000003628 1
0.000004695 1
0.000004416 1
0.000007254 1
0.000002559 2
0.000016750 2
0.000001498 13
0.000001705 5
0.000001977 3
0.000003142 1
0.000003879 2
0.000013558 1
0.000028942 1
0.000003792 1
0.000007204 1
0.000000836 39
0.000003861 3
0.000007098 1
0.000000808 55
0.000000618 100
0.000043376 1
0.000000390 50309
0.000028892 1
0.000012110 1
0.000000751 95
0.000004083 3
0.000007129 1
0.000013907 1
0.000012407 1
0.000000656 68
0.000002708 2
0.000002035 5
0.000001560 7
0.000048108 2
0.000000715 257
0.000011741 1
0.000002668 1
0.000002351 4
0.000000530 226
0.000002454 6
0.000001201 12
0.000018818 1
0.000005905 1
0.000005916 1
0.000002733 5
0.000000906 44
0.000004777 2
0.000000813 38
0.000007267 1
0.000002807 2
0.000001448 5
0.000001391 8
0.000003789 2
0.000006039 1
0.000001309 13
0.000004142 2
0.000001585 7
0.000000832 33
0.000000985 32
0.000005535 1
0.000010808 1
0.000005046 1
0.000003964 2
0.000000819 39
0.000000642 87
0.000001879 6
0.000001887 6
0.000002187 3
0.000014535 1
0.000003000 2
0.000001625 6
0.000002241 5
0.000003016 1
0.000016655 1
0.000004594 1
0.000002430 1
0.000005088 1
0.000020948 1
0.000001963 2
0.000003692 2
0.000000922 36
0.000057831 1
0.000000579 160
0.000001810 6
0.000002810 3
0.000013536 1
0.000006024 1
0.000004328 2
0.000003461 4
0.000002262 4
0.000004115 1
0.000006430 1
0.000003690 1
0.000001569 2
0.000006270 1
0.000004000 3
0.000005304 1
0.000038871 1
0.000003990 2
0.000010511 1
0.000007376 1
0.000092888 1
0.000021051 1
0.000005555 1
0.000004718 1
0.000001730 4
0.000018397 1
0.000006102 1
0.000000921 26
0.000008498 1
0.000012113 1
0.000014317 1
0.000001405 8
0.000014499 1
0.000000719 206
0.000028994 1
0.000001096 20
0.000001540 8
0.000007797 2
0.000004420 2
0.000012193 1
0.000001423 10
0.000012803 1
0.000005628 2
0.000005291 2
0.000003301 3
0.000002745 1
0.000005349 1
0.000022535 1
0.000001067 22
0.000002710 1
0.000003493 3
0.000000569 204
0.000002326 2
0.000003476 1
0.000000484 506
0.000001823 4
0.000006257 1
0.000003336 3
0.000005049 1
0.000002538 5
0.000002869 1
0.000004664 1
0.000014465 1
0.000010415 1
0.000002902 1
0.000002961 3
0.000001025 25
0.000001824 6
0.000002815 1
0.000001948 5
0.000004345 1
0.000019628 1
0.000005187 2
0.000006935 1
0.000004220 1
0.000021184 1
0.000003219 3
0.000004731 1
0.000009597 1
0.000000558 277
0.000000409 7754
0.000012127 1
0.000002656 3
0.000001583 7
0.000002453 2
0.000019736 1
0.000004290 2
0.000002589 1
0.000004541 1
0.000000735 126
0.000000743 85
0.000001738 6
0.000002819 1
0.000120009 1
0.000001089 13
0.000005896 1
0.000008365 1
0.000001281 15
0.000003636 1
0.000006385 1
0.000043794 1
0.000001451 3
0.000004402 1
0.000004215 1
0.000002433 3
0.000009278 1
0.000003433 1
0.000012831 1
0.000022892 1
0.000001151 19
0.000016326 1
0.000005814 1
0.000000555 275
0.000004944 1
0.000001875 4
0.000002557 1
0.000007344 1
0.000019967 1
0.000022321 1
0.000003814 2
0.000003544 1
0.000015615 1
0.000007777 1
0.000014896 1
0.000027341 1
0.000001702 8
0.000056420 1
0.000003552 1
0.000005906 1
0.000019283 1
0.000003553 1
0.000001117 20
0.000004770 2
0.000012331 1
0.000005590 1
0.000018147 1
0.000004705 1
0.000002325 2
0.000019259 1
0.000001348 12
0.000002400 1
0.000001500 7
0.000015489 1
0.000001672 1
0.000017265 1
0.000001531 3
0.000000392 43842
0.000002734 2
0.000005048 1
0.000005883 1
0.000004565 2
0.000000543 457
0.000003365 2
0.000240620 1
0.000001641 6
0.000000886 36
0.000003492 3
0.000003827 2
0.000000857 44
0.000029573 1
0.000000982 27
0.000064000 1
0.000003397 1
0.000005659 1
0.000002183 3
0.000027184 1
0.000003249 1
0.000003654 1
0.000003047 1
0.000000817 47
0.000001035 19
0.000006554 1
0.000010652 1
0.000002445 1
0.000014430 1
0.000002687 3
0.000006939 1
0.000002472 1
0.000030940 1
0.000002324 2
0.000000564 238
0.000009397 1
0.000004601 1
0.000000581 166
0.000005126 1
0.000003947 1
0.000001493 5
0.000002446 1
0.000000594 144
0.000000916 30
0.000002698 1
0.000007869 1
0.000011659 1
0.000003410 1
0.000003468 2
0.000005817 1
0.000001958 3
0.000000732 129
0.000001091 21
0.000002459 2
0.000012149 1
0.000001231 10
0.000009037 1
0.000008571 1
0.000002627 2
0.000005003 1
0.000002683 1
0.000000415 6186
0.000000383 174750
0.000020854 1
0.000010053 1
0.000025336 1
0.000004255 1
0.000002313 3
0.000004952 1
0.000008699 2
0.000001232 9
0.000005240 1
0.000019974 1
0.000015680 1
0.000002372 4
0.000002382 3
0.000007096 1
0.000002681 3
0.000001523 4
0.000009571 1
0.000015683 1
0.000097157 1
0.000029589 1
0.000002900 1
0.000002147 1
0.000007208 1
0.000002560 1
0.000022397 1
0.000001816 4
0.000000452 1078
0.000014205 1
0.000002660 2
0.000003093 1
0.000001398 10
0.000012690 1
0.000002231 5
0.000009358 1
0.000006919 1
0.000003966 1
0.000014265 1
0.000006802 1
0.000007359 1
0.000005198 1
0.000003989 1
0.000001470 14
0.000015555 1
0.000011752 1
0.000025859 1
0.000001075 32
0.000002189 6
0.000002335 4
0.000005355 1
0.000007896 1
0.000006502 1
0.000000490 616
0.000003983 1
0.000005968 1
0.000002778 1
0.000006606 1
0.000008803 1
0.000004842 1
0.000009178 1
0.000003621 1
0.000002071 1
0.000005142 1
0.000002772 1
0.000002387 1
0.000000474 638
0.000003084 1
0.000003501 1
0.000002355 1
0.000006286 1
0.000010777 1
0.000002799 2
0.000000466 829
0.000042912 1
0.000007174 1
0.000008579 1
0.000006821 1
0.000001433 9
0.000001986 4
0.000007311 1
0.000025302 1
0.000006879 2
0.000005138 1
0.000002744 3
0.000002737 3
0.000014699 1
0.000000708 327
0.000003026 1
0.000002367 3
0.000002163 2
0.000008896 1
0.000002666 1
0.000009542 1
0.000000679 46
0.000001778 4
0.000001183 11
0.000019512 1
0.000009270 1
0.000036512 1
0.000003037 2
0.000000629 100
0.000004576 1
0.000014950 1
0.000001474 12
0.000004679 2
0.000004131 1
0.000003377 1
0.000000651 75
0.000003020 3
0.000014061 1
0.000006157 1
0.000001884 2
0.000046677 1
0.000001827 4
0.000000948 29
0.000001111 21
0.000002590 2
0.000001310 8
0.000001099 17
0.000001550 9
0.000002768 2
0.000001360 6
0.000003830 2
0.000000939 29
0.000003645 1
0.000012190 1
0.000019408 1
0.000003497 3
0.000000528 244
0.000000662 86
0.000028918 1
0.000002060 6
0.000001508 4
0.000001768 5
0.000005974 1
0.000004561 2
0.000021559 1
0.000000563 224
0.000030517 1
0.000006518 2
0.000003392 1
0.000008676 1
0.000010182 1
0.000003236 3
0.000000913 30
0.000002378 1
0.000000439 2088
0.000002901 1
0.000008639 1
0.000009169 1
0.000002611 3
0.000001897 2
0.000001837 3
0.000009173 1
0.000077896 1
0.000001335 13
0.000002835 2
0.000001888 1
0.000002164 6
0.000000436 1761
0.000007223 1
0.000001043 21
0.000005719 2
0.000000681 63
0.000004012 1
0.000000780 64
0.000014359 1
0.000002098 2
0.000012283 1
0.000005070 1
0.000005758 1
0.000001903 4
0.000001087 14
0.000047978 1
0.000002747 2
0.000000518 294
0.000026848 1
0.000000942 21
0.000007687 1
0.000024912 1
0.000004297 1
0.000017497 1
0.000006786 1
0.000009885 1
0.000005832 1
0.000007675 2
0.000004649 1
0.000009245 1
0.000000520 284
0.000003834 1
0.000027529 1
0.000001051 18
0.000015476 1
0.000001419 2
0.000003656 1
0.000001613 7
0.000001240 16
0.000002750 2
0.000001009 23
0.000002878 4
0.000000397 29438
0.000025236 1
0.000002195 1
0.000000986 21
0.000001984 2
0.000000697 62
0.000003031 2
0.000000924 26
0.000005139 1
0.000002620 2
0.000003087 4
0.000000535 213
0.000001570 4
0.000003396 2
0.000001505 9
0.000007473 1
0.000001529 4
0.000003009 3
0.000006160 1
0.000000612 134
0.000001475 9
0.000008184 1
0.000001964 1
0.000007828 1
0.000008304 1
0.000001742 3
0.000002132 4
0.000009670 1
0.000012297 1
0.000040341 1
0.000001726 2
0.000001847 3
0.000003027 3
0.000003311 2
0.000016136 1
0.000006355 1
0.000001442 6
0.000005502 1
0.000000388 77660
0.000018632 1
0.000002356 3
0.000005089 1
0.000070395 1
0.000000570 213
0.000004482 2
0.000000806 56
0.000003080 3
0.000002909 1
0.000000693 55
0.000004228 1
0.000007838 2
0.000001368 5
0.000013003 1
0.000003684 1
0.000007766 1
0.000020280 1
0.000019461 1
0.000002912 2
0.000003480 1
0.000003588 4
0.000001054 25
0.000004064 1
0.000017356 1
0.000003221 2
0.000003968 1
0.000001584 9
0.000001653 3
0.000013471 1
0.000002715 1
0.000003513 1
0.000001806 2
0.000001659 10
0.000002536 5
0.000003999 2
0.000002730 5
0.000027464 2
0.000004911 1
0.000004662 1
0.000002383 2
0.000003289 1
0.000028590 1
0.000001878 7
0.000000722 156
0.000001819 3
0.000004610 2
0.000006180 1
0.000002112 2
0.000002594 2
0.000005009 1
0.000005599 1
0.000000829 48
0.000005310 1
0.000008727 2
0.000012346 1
0.000037988 1
0.000002473 1
0.000002230 2
0.000002651 1
0.000009313 2
0.000040986 1
0.000001206 11
0.000001794 4
0.000002330 6
0.000000445 1556
0.000005165 1
0.000009539 1
0.000004514 1
0.000002130 3
0.000000739 120
0.000012079 1
0.000001773 6
0.000005507 3
0.000000640 83
0.000008409 1
0.000004007 2
0.000003358 2
0.000002117 3
0.000002068 3
0.000006362 1
0.000001079 28
0.000013830 1
0.000007845 1
0.000003335 1
0.000018959 1
0.000000828 45
0.000002426 2
0.000002432 3
0.000002352 1
0.000005536 1
0.000005246 3
0.000001926 4
0.000009073 1
0.000003228 2
0.000002046 2
0.000000930 25
0.000005610 2
0.000000524 263
0.000000434 1948
0.000020041 1
0.000003058 1
0.000002575 1
0.000001032 26
0.000001580 8
0.000004057 1
0.000000854 32
0.000003308 1
0.000036101 1
0.000003616 1
0.000038909 1
0.000001858 5
0.000005856 2
0.000001377 8
0.000003199 1
0.000002690 2
0.000003159 2
0.000000663 72
0.000002059 6
0.000001928 3
0.000011750 1
0.000012150 1
0.000000637 89
0.000001019 19
0.000005857 1
0.000012954 1
0.000006315 1
0.000010685 1
0.000002017 7
0.000004375 1
0.000008000 1
0.000008861 1
0.000001472 6
0.000000421 3622
0.000033528 1
0.000001511 11
0.000001104 17
0.000007800 1
0.000000572 186
0.000022786 1
0.000002908 1
0.000002612 1
0.000001128 18
0.000007740 2
0.000008698 1
0.000004725 1
0.000003979 2
0.000005729 1
0.000005712 1
0.000004885 1
0.000002554 1
0.000004570 1
0.000005744 3
0.000004915 2
0.000006515 1
0.000013294 1
0.000000763 76
0.000035068 1
0.000001527 3
0.000003554 3
0.000008594 1
0.000094642 1
0.000003794 1
0.000012472 1
0.000010034 1
0.000010474 1
0.000006406 1
0.000002544 1
0.000003832 1
0.000007849 1
0.000011291 1
0.000003043 4
0.000001771 3
0.000001686 2
0.000009433 1
0.000001243 15
0.000005344 1
0.000000934 31
0.000009416 1
0.000010433 1
0.000004733 1
0.000002156 2
0.000005305 1
0.000002273 4
0.000007240 2
0.000002080 3
0.000001260 17
0.000010975 1
0.000020531 1
0.000000747 129
0.000001086 21
0.000002353 2
0.000001933 1
0.000003278 1
0.000002851 2
0.000007901 1
0.000073924 1
0.000006351 1
0.000003380 1
0.000008064 1
0.000002952 3
0.000001379 12
0.000002006 4
0.000003687 1
0.000003168 2
0.000001788 7
0.000001815 5
0.000000384 165304
0.000000738 119
0.000001952 2
0.000009521 1
0.000052084 1
0.000010705 1
0.000002448 1
0.000001866 7
0.000003364 1
0.000002762 3
0.000000749 103
0.000002436 3
0.000001269 8
0.000003351 1
0.000005731 3
0.000014104 1
0.000003625 2
0.000032187 1
0.000010036 1
0.000003971 2
0.000001445 2
0.000001317 12
0.000006749 1
0.000001186 8
0.000005470 1
0.000015710 1
0.000012165 1
0.000003203 1
0.000010052 1
0.000002979 3
0.000002261 1
0.000004598 2
0.000002591 4
0.000015403 1
0.000002306 2
0.000001780 4
0.000005226 1
0.000002416 1
0.000004603 1
0.000019649 1
0.000002256 1
0.000004986 1
0.000000938 29
0.000004587 4
0.000004161 1
0.000001316 15
0.000001325 9
0.000011359 1
0.000061534 1
0.000001934 9
0.000001069 26
0.000003359 2
0.000008991 1
0.000002895 1
0.000003167 2
0.000002669 5
0.000003269 2
0.000004453 1
0.000004665 1
0.000003158 1
0.000007469 2
0.000003374 2
0.000133149 1
0.000019435 1
0.000037553 1
0.000007124 1
0.000003463 2
0.000015979 1
0.000002227 4
0.000005795 1
0.000001420 12
0.000004791 1
0.000002787 2
0.000001942 3
0.000002388 3
0.000008238 1
0.000000879 39
0.000004659 2
0.000012464 1
0.000003933 3
0.000001697 3
0.000003186 1
0.000001679 8
0.000002232 3
0.000001319 11
0.000002138 3
0.000007419 1
0.000002347 2
0.000007224 1
0.000003920 2
0.000001264 21
0.000001754 3
0.000027330 1
0.000003045 5
0.000001750 5
0.000033813 1
0.000005545 1
0.000007183 1
0.000000760 85
0.000003182 1
0.000013871 1
0.000002477 3
0.000001131 11
0.000001101 21
0.000003331 1
0.000010188 1
0.000002923 1
0.000002254 1
0.000001983 2
0.000010549 1
0.000007534 1
0.000002336 2
0.000002992 1
0.000004522 1
0.000004804 2
0.000004863 1
0.000006219 1
0.000016735 1
0.000006422 1
0.000003693 3
0.000001741 5
0.000015247 1
0.000000633 104
0.000009144 1
0.000009145 1
0.000002087 4
0.000000382 169627
0.000019991 1
0.000005769 1
0.000009431 1
0.000003417 1
0.000003515 1
0.000001941 2
0.000003829 1
0.000008006 1
0.000005318 2
0.000001597 7
0.000007566 1
0.000016748 1
0.000001620 1
0.000003601 2
0.000003510 1
0.000006978 1
0.000000680 47
0.000000489 565
0.000002340 3
0.000005389 3
0.000005553 1
0.000011129 1
0.000001437 8
0.000002362 5
0.000003647 2
0.000003561 1
0.000005785 1
0.000000404 12669
0.000004682 3
0.000003700 2
0.000001494 6
0.000000495 538
0.000007919 2
0.000001614 5
0.000005695 1
0.000031082 1
0.000000884 44
0.000007481 1
0.000011629 1
0.000002242 1
0.000003653 1
0.000006650 1
0.000019415 1
0.000035273 1
0.000006272 1
0.000001828 8
0.000013882 1
0.000000672 70
0.000001252 23
0.000008597 1
0.000005850 1
0.000003633 1
0.000009924 1
0.000008422 1
0.000003227 5
0.000001328 8
0.000001446 9
0.000005342 1
0.000001944 4
0.000025057 1
0.000003927 1
0.000001800 4
0.000001590 2
0.000003496 1
0.000007118 1
0.000000800 45
0.000000709 299
0.000004599 2
0.000001763 6
0.000008256 1
0.000002053 5
0.000004925 1
0.000002789 3
0.000002548 2
0.000017517 2
0.000007362 1
0.000001967 5
0.000004792 2
0.000002027 1
0.000003181 1
0.000002939 1
0.000011592 1
0.000017162 1
0.000018221 1
0.000006250 1
0.000002414 5
0.000008136 1
0.000002108 1
0.000000533 240
0.000012737 1
0.000001436 14
0.000010205 1
0.000001704 1
0.000006396 1
0.000000789 61
0.000004473 1
0.000016460 1
0.000001836 6
0.000000673 67
0.000000841 50
0.000002561 2
0.000004391 1
0.000008553 1
0.000013223 1
0.000004376 1
0.000002169 5
0.000016382 1
0.000001154 19
0.000000855 44
0.000010899 1
0.000000776 73
0.000008678 1
0.000005353 1
0.000000534 227
0.000019313 1
0.000001656 4
0.000015740 1
0.000004485 1
0.000010336 1
0.000003217 3
0.000001023 20
0.000003652 1
0.000003313 4
0.000004359 1
0.000005523 1
0.000001737 5
0.000001733 3
0.000139240 1
0.000008213 1
0.000019281 1
0.000013850 1
0.000000400 19483
0.000035628 1
0.000009398 1
0.000003881 1
0.000003404 2
0.000001402 8
0.000004992 1
0.000010419 2
0.000001846 1
0.000013049 1
0.000006397 1
0.000008243 1
0.000002458 3
0.000006214 1
0.000007822 2
0.000000607 118
0.000010349 2
0.000003053 1
0.000010891 1
0.000001427 8
0.000004936 1
0.000003503 2
0.000002494 2
0.000002318 3
0.000021491 1
0.000001007 25
0.000000525 260
0.000003801 3
0.000001546 7
0.000001864 4
0.000002803 1
0.000001483 5
0.000002379 1
0.000000960 38
0.000004020 3
0.000000431 2140
0.000004042 1
0.000015033 1
0.000002950 1
0.000002977 1
0.000001720 4
0.000001464 11
0.000015356 1
0.000006418 1
0.000012352 1
0.000024545 1
0.000003470 1
0.000029385 1
0.000041210 1
0.000002833 4
0.000006357 1
0.000002624 1
0.000012898 1
0.000000516 337
0.000003194 1
0.000005852 1
0.000015246 1
0.000003241 1
0.000004361 2
0.000000988 23
0.000000954 23
0.000000908 37
0.000002171 2
0.000004994 1
0.000001199 19
0.000005243 1
0.000013928 1
0.000006501 1
0.000001082 20
0.000002820 4
0.000000394 31502
0.000003266 3
0.000002479 3
0.000006094 1
0.000008683 1
0.000103387 1
0.000002391 2
0.000009147 1
0.000000532 231
0.000002836 2
0.000009929 1
0.000000526 259
0.000005214 1
0.000022047 1
0.000005123 1
0.000001961 3
0.000001444 7
0.000004526 1
0.000014439 1
0.000001456 7
0.000002403 1
0.000000771 73
0.000000568 230
0.000007381 1
0.000016925 1
0.000008715 1
0.000000417 4560
0.000004510 1
0.000005061 1
0.000004062 1
0.000002607 2
0.000002419 1
0.000001677 7
0.000000978 28
0.000003070 2
0.000004285 1
0.000001950 5
0.000001113 16
0.000006822 1
0.000005834 1
0.000002302 3
0.000000631 89
0.000001422 4
0.000002041 3
0.000002349 1
0.000005652 1
0.000014680 1
0.000001378 8
0.000000784 62
0.000000567 179
0.000000827 46
0.000016527 1
0.000004995 1
0.000006232 1
0.000021817 1
0.000001915 2
0.000000610 114
0.000002503 3
0.000011478 1
0.000004549 1
0.000003014 1
0.000002334 3
0.000026639 1
0.000011339 1
0.000005253 1
0.000004428 2
0.000002482 1
0.000001970 6
0.000003253 1
0.000005554 1
0.000015349 1
0.000002402 3
0.000006977 1
0.000002304 3
0.000003213 1
0.000005747 1
0.000003097 5
0.000014790 1
0.000004634 1
0.000004132 1
0.000000438 1786
0.000015915 1
0.000032886 1
0.000010314 2
0.000004611 2
0.000000655 69
0.000001792 6
0.000003928 1
0.000001426 6
0.000001797 2
0.000001434 7
0.000004268 2
0.000035922 1
0.000006963 1
0.000085173 1
0.000008739 1
0.000005018 1
0.000002413 2
0.000003714 1
0.000011537 1
0.000005512 1
0.000025981 1
0.000002621 1
0.000001592 4
0.000002574 1
0.000012453 1
0.000001394 9
0.000003081 1
0.000000562 244
0.000008735 1
0.000003742 1
0.000004851 1
0.000003755 2
0.000004172 1
0.000000590 151
0.000004295 1
0.000013148 1
0.000002795 3
0.000002311 1
0.000000511 330
0.000001329 10
0.000002930 5
0.000003135 1
0.000004108 1
0.000009792 1
0.000011045 1
0.000021621 1
0.000001487 7
0.000003930 1
0.000001652 11
0.000001324 10
0.000003721 1
0.000014998 2
0.000001638 2
0.000001708 5
0.000001256 20
0.000002874 1
0.000025131 1
0.000035597 1
0.000002154 2
0.000015133 1
0.000002467 1
0.000019679 1
0.000002029 5
0.000003664 2
0.000012238 1
0.000008729 1
0.000001408 10
0.000001786 6
0.000008113 1
0.000004367 1
0.000004338 1
0.000007172 1
0.000003244 1
0.000005570 1
0.000005232 1
0.000004433 1
0.000003593 1
0.000000379 184613
0.000000917 32
0.000003506 2
0.000001020 28
0.000001431 5
0.000002896 1
0.000000517 335
0.000003555 1
0.000003329 2
0.000016909 1
0.000007927 1
0.000006078 2
0.000012683 1
0.000004324 2
0.000003980 1
0.000002948 5
0.000001336 8
0.000014437 1
0.000014789 1
0.000011015 2
0.000007168 1
0.000004736 1
0.000002847 2
0.000003572 1
0.000010778 1
0.000007184 1
0.000014230 1
0.000009529 1
0.000001110 12
0.000002978 1
0.000004991 3
0.000003441 2
0.000010126 1
0.000000718 256
0.000001059 28
0.000004106 1
0.000009021 1
0.000001033 28
0.000004330 1
0.000029551 1
0.000003446 1
0.000001822 9
0.000000796 53
0.000000381 193631
0.000000635 74
0.000002753 1
0.000002906 2
0.000007407 1
0.000008051 1
0.000013967 1
0.000000550 328
0.000001530 9
0.000019531 1
0.000008109 1
0.000002937 1
0.000021872 1
0.000006380 1
0.000003262 2
0.000002435 2
0.000002551 1
0.000015308 1
0.000002159 4
0.000006644 1
0.000001356 13
0.000002601 4
0.000009576 1
0.000016004 1
0.000000448 1305
0.000001604 8
0.000007042 1
0.000002032 1
0.000005263 3
0.000002564 1
0.000004005 1
0.000000685 58
0.000001793 4
0.000032575 1
0.000008069 1
0.000002226 5
0.000002128 2
0.000001611 3
0.000001139 22
0.000128466 1
0.000003538 1
0.000015932 1
0.000000834 51
0.000030551 1
0.000001290 18
0.000001159 12
0.000002652 4
0.000004607 1
0.000080439 1
0.000002672 1
0.000000919 29
0.000013097 2
0.000006477 1
0.000003882 1
0.000001760 6
0.000000967 25
0.000002220 2
0.000009509 1
0.000003494 3
0.000010410 1
0.000005020 1
0.000001535 4
0.000003730 1
0.000013515 1
0.000001637 6
0.000003019 2
0.000030436 1
0.000003100 4
0.000000794 55
0.000003422 2
0.000000927 28
0.000026643 1
0.000000877 35
0.000001226 16
0.000004654 1
0.000001898 4
0.000002515 2
0.000013321 1
0.000006332 1
0.000007805 1
0.000002468 3
0.000005157 1
0.000003495 1
0.000002444 3
0.000002322 1
0.000008250 1
0.000000413 5610
0.000004910 2
0.000001137 19
0.000005481 1
0.000048225 1
0.000012298 2
0.000000724 166
0.000003531 1
0.000006848 1
0.000001734 6
0.000004849 1
0.000006083 1
0.000004231 3
0.000000576 141
0.000038784 1
0.000001997 3
0.000006213 1
0.000004927 1
0.000002761 4
0.000003125 1
0.000000990 26
0.000053969 1
0.000003349 1
